 0.0005482311882135312 81.61291645928415 -0.00043467346258247027 21.364283601920718 9.521504241660529E-35 2.939881823218882E-33 -3327.183571241787
 0.00274019415727332 81.61301651604487 -0.002172302635820837 1.5018865924378164 4.749937572802699E-34 1.5297624172343525E-32 -3333.6000525527656
 0.007120274647511144 81.61441606641641 -0.005642008005989029 1.5019029949544893 1.2289088141236523E-33 4.3778833698488487E-32 -3327.433195233039
 0.013680788509385776 81.6195030791956 -0.010829955648781166 1.5019338639049375 2.3442178541838386E-33 9.711944227101428E-32 -3334.341033639672
 0.022410226372305896 81.63182609160648 -0.0177069965766124 1.5019835442398435 3.803711640164791E-33 1.9266177864984477E-31 -3329.14914826299
 0.03329327383597702 81.65603570422789 -0.026219862412229854 1.502056844123032 5.582187573184879E-33 3.6475974034050203E-31 -3337.6999026019885
 0.04631083833706351 81.69777877536829 -0.03627600878281154 1.5021580095055258 7.640525201248737E-33 6.832067329586421E-31 -3334.9900295438306
 0.0614400826440323 81.76352267640354 -0.047731016835248025 1.5022903414723112 9.94562260343721E-33 1.2942021399427663E-30 -3347.0112367062443
 0.0786544649214172 81.86029266823166 -0.06037193698376807 1.5024558222300048 1.2437294468988197E-32 2.514014305799606E-30 -3348.875561447044
 0.0979237852932173 81.995306598189 -0.07391154367321848 1.502654542230219 1.5085448142520646E-32 5.0492273120308875E-30 -3366.642062862223
 0.11921423882374141 82.17551677871678 -0.087986608609274 1.5028844448532512 1.7781750064662776E-32 1.0529122015408541E-29 -3375.4265313607843
 0.14248847482295224 82.4070785261898 -0.10217384086131215 1.503141064603523 2.044495006588575E-32 2.2827179971116578E-29 -3401.2159488396983
 0.1677056623722686 82.69481065229215 -0.11601763486726381 1.503417839566754 2.306301108403715E-32 5.142702763505573E-29 -3418.969979744863
 0.1948215619558712 83.04170866139866 -0.12906849148131253 1.503706427092646 2.572320181972202E-32 1.2021105961305788E-28 -3454.438949128353
 0.22378860307184567 83.44860938454153 -0.1409322553077025 1.5039977744849706 2.572320181972202E-32 2.909612733423418E-28 -3482.2775070356392
 0.254555967687008 83.9140485534938 -0.15130411333843222 1.504282797202386 4.631861516251302E-32 7.276856675582263E-28 -3527.889568738368
 0.2870696793890023 84.43436553338668 -0.16001109065553157 1.5045537914408693 -7.396172839554607E-32 1.8764315733811367E-27 -3565.572059317031
 0.32127269807926995 85.00400758754786 -0.16700835326644597 1.5048047579174917 6.112059049134417E-31 4.9800500198082386E-27 -3620.3969393004613
 0.3571050200407644 85.61601154979398 -0.17239985886244222 1.5050325843755037 -2.722819570063912E-30 1.35738590029114E-26 -3666.3816328852
 0.39450378320486024 86.26254627938147 -0.17638875804068951 1.5052364653631587 1.1873069217655651E-29 3.79598383729132E-26 -3728.39521629194
 0.43340337743278257 86.9354751253497 -0.17929166285201123 1.5054187825359198 -4.6204142701443506E-29 1.086317295136639E-25 -3780.3342299543588
 0.47373555961808467 87.62682977453767 -0.18145717342724235 1.505583583174623 1.6741418079190692E-28 3.1817110527265876E-25 -3847.03102941823
 0.5154295734082459 88.32919773055164 -0.18330269188329845 1.5057376115068248 -5.651911172367179E-28 9.504938499865823E-25 -3902.4149214585664
 0.5584122733353573 89.03596245242316 -0.18521242043783817 1.505888015810735 1.802205448272567E-27 2.8993896416959583E-24 -3971.408954765706
 0.602608253138127 89.74144656943226 -0.18761946337259916 1.5060441399798687 -5.447104170962395E-27 8.994448115443817E-24 -4028.0689706485828
 0.6479399780500863 90.44093184949371 -0.19087791902848988 1.506214423356023 1.57484006915148E-26 2.841831038928879E-23 -4097.4674460355
 0.694327920821916 91.1306265343819 -0.1954053326216748 1.506409514957407 -4.36269605093267E-26 9.107352500457609E-23 -4153.813667158701
 0.7416907012392653 91.8075616939478 -0.20150795759747553 1.5066379575770696 1.1671434785000075E-25 2.96385438322034E-22 -4222.330073488164
 0.7899452288913011 92.46948412814082 -0.20960034454376716 1.5069112185367004 -3.0130044767489606E-25 9.758742788466446E-22 -4277.360636051084
 0.8390068489395233 93.11472002102299 -0.21995135244081285 1.5072373696735866 7.568754688573321E-25 3.252251108137626E-21 -4344.246020106903
 0.8887894906311168 93.74206650362426 -0.2330088808603835 1.5076288595482061 -1.841640766979533E-24 1.0936842090190325E-20 -4397.4264557715005
 0.939205818296299 94.3506739920417 -0.24902222981378033 1.508092999658254 4.391654692389262E-24 3.709917184928164E-20 -4462.320046222502
 0.9901673845647623 94.93996966677075 -0.2685181330657268 1.5086437388696137 -1.0141260139144123E-23 1.266168697472728E-19 -4513.42401830754
 1.0415847855324147 95.50957365393228 -0.2917377986454366 1.5092872602024539 2.316563213504161E-23 4.343732271846131E-19 -4576.1981100429575
 1.0933678176062092 96.05925995622697 -0.319334768846554 1.5100396458637357 -5.0842344579416593E-23 1.4945838418322551E-18 -4625.165833887091
 1.1454256357518955 96.58890026482048 -0.35153946614789805 1.5109052075131253 1.124197097605065E-22 5.150959835270527E-18 -4685.803167451895
 1.197666912867081 97.09845596749113 -0.38918111932953825 1.5119027504460627 -2.3253806747447956E-22 1.7745786235084778E-17 -4732.63993069968
 1.25 97.58793455574053 -0.432457326277556 1.5130333730935928 5.081192471051688E-22 6.102067094401835E-17 -4791.153210034085
 1.302333087132919 98.05740619000684 -0.48242288671606687 1.5143190478188515 -9.571716254184466E-22 2.0903062367738373E-16 -4835.868089662595
 1.354574364248104 98.50695490001628 -0.539196224643918 1.5157555532232794 2.1920768632794708E-21 7.121804472643102E-16 -4892.255237473012
 1.4066321823937904 98.93672031254772 -0.6041080617846668 1.5173682432660731 -3.332607369489939E-21 2.408925152077994E-15 -4934.829705972245
 1.458415214467585 99.34682282116121 -0.6771214043122241 1.5191446067171845 9.647605754089801E-21 8.076019611206748E-15 -4989.052740960124
 1.5098326154352377 99.73744354934738 -0.7598910673130139 1.5211132775784715 -6.92238952745546E-21 2.678801060557147E-14 -5029.426730023538
 1.560794181703701 100.108694256809 -0.8521126834990296 1.5232496280146521 4.995110572962355E-20 8.77710271997165E-14 -5081.402600788273
 1.611210509368883 100.46076774438848 -0.9558053293174684 1.5255850601668552 3.5281041853728474E-20 2.835814074019303E-13 -5119.467685045815
 1.6609931510604765 100.79370502232037 -1.0702448185035591 1.5280783193808358 3.4537498680043347E-19 9.020731543163695E-13 -5169.062485515167
 1.7100547711086986 101.10767829347483 -1.1978368022477692 1.5307625659307944 7.301706586035809E-19 2.820394615113845E-12 -5204.655403983413
 1.758309298760735 101.40257546633254 -1.337242695504435 1.533575139008593 2.9601459294895034E-18 8.654347101487084E-12 -5251.677238452174
 1.805672079178084 101.67852422047764 -1.4912451352081577 1.5365494110089521 8.205017534595818E-18 2.601940499708621E-11 -5284.570939778172
 1.8520600219499133 101.93516335380058 -1.6576592820599902 1.53959700082336 2.6562658186075383E-17 7.653965569055062E-11 -5328.760985184746
 1.8973917468618728 102.1725836826617 -1.8395870393455014 1.5427495174478318 7.658837947061952E-17 2.1993517132311415E-10 -5358.6550064147705
 1.9415877266646429 102.39008550466767 -2.033745391010828 1.5458901405194352 2.249995839646291E-16 6.165201423559074E-10 -5399.68157059812
 1.984570426591754 102.58779830048533 -2.2434381719403786 1.5490467246772164 6.276863048355672E-16 1.6832187252608195E-9 -5426.199395318946
 2.026264440381915 102.76463888597878 -2.4640514363096107 1.5520744465818808 1.7175179951830117E-15 4.4703262654032795E-9 -5463.666078361422
 2.066596622567217 102.92096102997712 -2.6989213380221777 1.5549963012685595 4.521505356201707E-15 1.1530115981338462E-8 -5486.373398249718
 2.1054962167951397 103.05534690119013 -2.941962132279614 1.5576448902153253 1.1532031336586434E-14 2.8848895167447778E-8 -5519.857464348793
 2.1428949799592356 103.16869303952002 -3.1963634499393794 1.5600394790169536 2.8312564307056443E-14 6.990366480694277E-8 -5538.317745185909
 2.17872730192073 103.25942288938086 -3.4546252702256544 1.5620019711148883 6.696158093151044E-14 1.6386807484467282E-7 -5567.45197290115
 2.2129303206109974 103.32938459486311 -3.719681643629711 1.5635524015978368 1.5210221345660933E-13 3.7098831273824425E-7 -5581.326287541124
 2.245444032312992 103.37711616773227 -3.9829778849698796 1.5645199969332981 3.3158446049833393E-13 8.103891410263784E-7 -5605.918711426622
 2.2762113969281543 103.40577318467514 -4.247224015899314 1.5649329727547796 6.924224192674734E-13 0.0000017049175298819298 -5615.089956828464
 2.3051784380441287 103.41426190975318 -4.503488413286083 1.56464850414519 1.383681101706969E-12 0.0000034516688537409297 -5635.242650387934
 2.332294337627731 103.40714481443051 -4.7544116806553705 1.5637103059013993 2.6423062280554102E-12 0.0000067111985802474655 -5639.911446627176
 2.3575115251770478 103.38378382837806 -4.991533923075435 1.5620203383750926 4.8173716932616735E-12 0.000012521009481957267 -5656.076060977216
 2.3807857611762584 103.34986933888709 -5.217567288120902 1.559640866620593 8.376505337328608E-12 0.000022359829866821228 -5656.769150647883
 2.4020762147067827 103.30508198012862 -5.425277450446781 1.5565258996757434 1.3879895380752125E-11 0.00003817161257411961 -5669.6970146459
 2.421345535078583 103.25566630230787 -5.6174178912587465 1.5527531576304563 2.1896453050407564E-11 0.00006208847179210307 -5667.1700699872035
 2.4385599173559678 103.20133701888294 -5.788424131175971 1.5483251856469487 3.285443528290232E-11 0.00009605465006195542 -5677.775769216335
 2.453689161662936 103.1482633644247 -5.940855178068694 1.5433281603754094 4.6826991168285834E-11 0.00014080154374815557 -5672.850816752395
 2.466706726164023 103.09588581320615 -6.070884285778125 1.5378023084251253 6.331229735263382E-11 0.00019530489467984747 -5682.058297165903
 2.4775897736276944 103.04982719266354 -6.180402246508209 1.5318349800415492 8.111631926565345E-11 0.0002556325252175335 -5675.454097205246
 2.4863192114906143 103.00900211190157 -6.266783264486645 1.5254904580399617 9.847512336136713E-11 0.0003159906695628873 -5684.097838926817
 2.4928797253524886 102.97825558542486 -6.330828229719702 1.5188558289244805 1.1343373626429819E-10 0.00036879525849161705 -5676.263581270792
 2.4972598058427264 102.95577824692808 -6.371815759883746 1.5120136166545597 1.2431314662618348E-10 0.0004078843390273034 -5685.140977584161
 2.4994517688117863 102.9455008563821 -6.391638266656013 1.5050521399641115 1.3000670257690168E-10 0.00042824366841661104 -5675.820963697178
 2.5013706080328704 102.93995133593891 -6.410320192153526 1.5068168457073086 1.3544558934908835E-10 0.0004461888276059279 -5680.701005498934
 2.5035630518410876 102.92797830357905 -6.432283355450175 1.5103539341202015 1.4201897587450054E-10 0.00046819366014009845 -5681.4982564175425
 2.50685051540278 102.91169456539393 -6.464924234766002 1.5139314492543279 1.524464271511207E-10 0.0005016172778371352 -5680.059674434304
 2.511231556727778 102.88770037380093 -6.508796285011804 1.5175666492423723 1.6747744568306853E-10 0.0005477794563562144 -5682.294986933289
 2.516704254146561 102.85869444716914 -6.562875083808979 1.5212732549937575 1.8823619596830563E-10 0.0006066871836548182 -5679.7809073649505
 2.523266207153167 102.82104715254466 -6.628368389883624 1.5250704770737737 2.1635052969574277E-10 0.0006796810334345349 -5682.7306765638905
 2.530914537458133 102.77730246268302 -6.7033962243797545 1.5289673815820586 2.5414621697793783E-10 0.0007664704481445035 -5679.329899642756
 2.539645890251008 102.72358366907892 -6.789893536052622 1.5329865087166983 3.0493274404890486E-10 0.0008683115610295215 -5682.57072654057
 2.549456435671882 102.66231446950518 -6.885019894693697 1.5371296431933663 3.734289638239132E-10 0.0009845794904471546 -5678.228080440892
 2.5603418704912926 102.58937805192065 -6.991416760856664 1.5414235995326109 4.66384150900791E-10 0.0011164434497945132 -5681.389565367984
 2.572297419997761 102.50710422135778 -7.10524249934135 1.545860093433169 5.935087335374075E-10 0.0012630158324008014 -5675.931903029904
 2.5853178400921384 102.41118860382961 -7.229753407521072 1.5504705450334995 7.688270057445645E-10 0.0014253917587990406 -5678.645642505158
 2.5993974195878433 102.30387973956059 -7.360124687183743 1.5552339569334217 1.0127175327207165E-9 0.0016025155990195847 -5671.835753144406
 2.6145299827159736 102.18079514218282 -7.500086416992577 1.5601859022828781 1.354853537718085E-9 0.0017954133026653284 -5673.731424587403
 2.6307088918342068 102.04410320176527 -7.643909253753168 1.5652904833034307 1.8386440334559808E-9 0.0020029439293515103 -5665.309023394632
 2.647927050338284 101.88950504130518 -7.795632248122127 1.5705862524092749 2.5275207998302665E-9 0.0022260618945582895 -5666.032741177867
 2.6661769057748215 101.71908538909092 -7.94876525485877 1.5760210629492872 3.514374338583162E-9 0.0024636027618623706 -5655.755505643635
 2.68545045315406 101.5288204883051 -8.107496343240351 1.5816348321006426 4.934502423743267E-9 0.0027164441366812485 -5655.001652905998
 2.705739238461123 101.32070853810676 -8.26478502986151 1.5873590668835666 6.984761499749936E-9 0.002983440522196945 -5642.687229440134
 2.7270343623642246 101.09118571915972 -8.42483922633471 1.5932334346882249 9.948614383778717E-9 0.0032653873976197186 -5640.235685352889
 2.7493264841182095 100.8421602397626 -8.580336889729477 1.5991745709740215 1.423240605892931E-8 0.00356118560501792 -5625.799482195128
 2.7726058256617154 100.57066603883945 -8.735422834141069 1.6052207341547535 2.0409669874229096E-8 0.0038715444030098015 -5621.548199437981
 2.796862175906152 100.27851008330231 -8.882797398767211 1.611276804465401 2.92839293932461E-8 0.004195427543507149 -5605.028764642067
 2.822084895214622 99.96338464805487 -9.02650544297989 1.6173792180821414 4.1958556458978126E-8 0.004533455600436913 -5599.011455537579
 2.8482629200688185 99.62696933162397 -9.159572859153576 1.6234255699601123 5.993474101142093E-8 0.004884664224549631 -5580.576093361021
 2.875384767921848 99.26758924877022 -9.285939570223174 1.6294508195363606 8.520733665787E-8 0.005249584544939431 -5572.958282737871
 2.9034385422348565 98.88675552446439 -9.39922005321439 1.6353504906949672 1.2040199607478013E-7 0.005627327798157644 -5552.886242838608
 2.9324119376952456 98.48332976441024 -9.503255839545265 1.6411589283067343 1.6888644087696286E-7 0.0060183365688442755 -5543.939397237446
 2.9622922456141856 98.05860768633922 -9.592442089661432 1.646774788594371 2.349441618781269E-7 0.006421797616447552 -5522.586377866888
 2.9930663595010705 97.61185206318318 -9.670522885452122 1.6522328187958644 3.238781217406623E-7 0.006838067435324824 -5512.646402543005
 3.024720780812455 97.14410508471403 -9.732781090513706 1.657439320781804 4.422145152782373E-7 0.007266405571368329 -5490.399151082417
 3.0572416248729635 96.6548921337891 -9.782850309022733 1.6624302896787018 5.977677451059905E-7 0.007707086266855997 -5479.819371086441
 3.090614626965568 96.14498604735148 -9.816926266891832 1.6671230498697425 7.998702347829805E-7 0.008159437233510999 -5457.050760012241
 3.1248251485885614 95.61406119223724 -9.838505491815015 1.6715553221877086 0.0000010593670520960704 0.00862365545175703 -5446.159441694412
 3.1598581838764925 95.06263459168625 -9.844655256599253 1.6756575231315949 0.0000013888758637138346 0.00909913091301706 -5423.192517851525
 3.1956983661822314 94.49045570383765 -9.83870043370078 1.6794691542670699 0.000001802685666596638 0.00958598919949914 -5412.261937761718
 3.232329974817289 93.8978276594855 -9.818492464648504 1.6829345409926337 0.000002317059638563748 0.010083675938210626 -5389.347599528017
 3.2697369419474325 93.2845424507103 -9.787148720048323 1.6860946422086123 0.0000029500209626106482 0.01059225175094117 -5378.577498490938
 3.307902859640566 92.65075218402413 -9.743191076671916 1.688907447784421 0.0000037217150214474626 0.01111121091950139 -5355.886462615978
 3.3468109870637957 91.99629241080311 -9.689497535826913 1.691414763312222 0.000004654072642345458 0.011640555824634233 -5345.4010729136735
 3.386444257826506 91.32123728328494 -9.625136303761666 1.6935871864059704 0.000005771244296611114 0.012179822428725342 -5323.027857367249
 3.4267852874662497 90.62548827847927 -9.552721141365097 1.6954665722709292 0.000007099136168130857 0.012728961608726167 -5312.88338725613
 3.4678163810741434 89.90911392347853 -9.471743666523972 1.6970345115941934 0.00000866591912684242 0.013287544307833568 -5290.858542928794
 3.5095195410564397 89.17211270353027 -9.384536722257122 1.6983320195928908 0.000010501436920589128 0.013855476434097493 -5281.057115848572
 3.5518764750288687 88.41461018630777 -9.290901322879185 1.6993497416149252 0.000012637780434268725 0.01443235768209352 -5259.363693404802
 3.59486860384028 87.63673130000673 -9.19288105628577 1.7001269546109783 0.000015108571719168378 0.015018055153751824 -5249.8699199743405
 3.6384770697220743 86.83870587168812 -9.090486020958753 1.7006613005391742 0.000017949583385007854 0.015612191665543833 -5228.460726351727
 3.6826827445598416 86.02080615878067 -8.985470246432598 1.7009894855600818 0.00002119790812508548 0.01621460118574934 -5219.217878947517
 3.7274662382835873 85.18339555914874 -8.87796897289473 1.7011141403858363 0.000024892596733257664 0.016824924694949915 -5198.031031971973
 3.772807907372856 84.32690266636422 -8.769453903408365 1.7010686972852378 0.000029073730149424514 0.01744296813997742 -5188.974806527498
 3.818687863473029 83.45183625650839 -8.660118882047797 1.7008589502008826 0.000033783048544055574 0.018068386403431332 -5167.9461159968705
 3.8650859821190133 82.55877804226347 -8.551167359140585 1.7005145323641693 0.00003906295071268475 0.01870096193483497 -5159.0149415990145
 3.9119819115624996 81.64837893919643 -8.442802354115768 1.7000428489824657 0.00004495709041767442 0.019340359939411446 -5138.086536240606
 3.9593550816989085 80.72136006787126 -8.335978993743337 1.6994694152220746 0.00005150933485349886 0.01998634331216683 -5129.228186173568
 4.007184713090121 79.77849979891111 -8.230875764325688 1.6988020182009569 0.000058764311493831944 0.02063858464464109 -5108.353475733125
 4.055449826079023 78.82063729664787 -8.128223919121965 1.698061946715928 0.00006676636211182303 0.02129683067178101 -5099.528288482888
 4.1041292499918836 77.84865617184542 -8.028157206134305 1.697256472439974 0.00007556003188022486 0.021960759021222343 -5078.673777941956
 4.153201632424501 76.86348774368615 -7.931210348243321 1.6964027420276642 0.00008518905732520657 0.022630103165311218 -5069.855116426839
 4.202645448608086 75.8660947210382 -7.837462931661021 1.6955069228435156 0.0000956967976235745 0.023304543936866987 -5048.99979849324
 4.252439010850726 74.85747299240528 -7.747281620906426 1.6945822600015847 0.00010712529381624816 0.02398380400860994 -5040.172497521816
 4.302560478050328 73.83863720767933 -7.660690320067981 1.693633489784143 0.0001195156488678311 0.024667566036253342 -5019.3055871106735
 4.35298786527485 72.81062074367485 -7.577915539868661 1.6926703061390167 0.00013290719204784305 0.025355543989225245 -5010.463115360045
 4.403699053405612 71.77446409211166 -7.498929166464518 1.691695891466861 0.0001473378187109509 0.026047421342085323 -4989.580810682332
 4.454671798839481 70.7312130108968 -7.423843452204612 1.690716799774012 0.0001628432890692077 0.026742905159529203 -4980.721758904715
 4.505883743245645 69.68191005343888 -7.352584789997524 1.6897346811172678 0.00017945754074467988 0.027441679041899706 -4959.823569747766
 4.557312423372716 68.62759101195678 -7.285173994234299 1.68875337721371 0.0001972121466047582 0.028143444717189364 -4950.947918989197
 4.608935280901857 67.5692796208382 -7.221499547268219 1.6877731181141713 0.0002161366132953411 0.028847885467028364 -4930.032935577139
 4.660729672341605 66.50798235425776 -7.161509918389233 1.6867954417772424 0.00023625801990057344 0.02955469908475683 -4921.138393590156
 4.712672878960053 65.44468621508436 -7.10506306317162 1.6858193183976402 0.0002576013145255593 0.030263568280636127 -4900.201707979202
 4.764742116750039 64.3803518342502 -7.052050197036853 1.6848443466716838 0.00028018915579802983 0.03097418821152094 -4891.280251417915
 4.816914546422964 63.3159142580293 -7.0023051730525925 1.6838684140881535 0.0003040422179795928 0.03168624090443318 -4870.309604343822
 4.869167283426858 62.25227414488799 -6.9556730718789845 1.682889486068242 0.0003291792623566879 0.03239942013458476 -4861.344240416152
 4.9214774079843036 61.190301551481696 -6.911968765924421 1.681904542756875 0.00035561746039493015 0.033113407227978696 -4840.316857373902
 4.973821975145803 60.13082485038141 -6.870998607969141 1.6809101587351927 0.00038337273370434667 0.03382789584920014 -4831.278526194266
 5.078522592015696 58.02248499131044 -6.796431690948536 1.678877152064974 0.0004428943692690205 0.03525711453860754 -4801.002511814481
 5.130832716573141 56.97507360974812 -6.762394202609437 1.677829555115499 0.0004746904812574274 0.035971219513923694 -4779.735764625144
 5.183085453577036 55.93305468586343 -6.730188675916728 1.6767540770973426 0.0005078646470868092 0.03668457917452265 -4770.400436722421
 5.235257883249961 54.89703850210999 -6.6995931678578895 1.6756459717063061 0.0005424347796147673 0.03739687282868408 -4748.914163480249
 5.287327121039947 53.86757257777822 -6.670313689347354 1.6744985787965123 0.0005784221276399064 0.03810780237941001 -4739.314505615337
 5.3392703276583955 52.84516194374032 -6.6421229649114695 1.673306967938688 0.0006158518221932946 0.03881704618307764 -4717.5116502170895
 5.391064719098143 51.83024196178427 -6.614694565213122 1.6720636619809601 0.0006547552108128316 0.039524312197329006 -4707.537502472097
 5.442687576627284 50.82320602095579 -6.587803497316553 1.6707638685167314 0.0006951704907521163 0.040229277204535084 -4685.293424817343
 5.494116256754355 49.824372248005446 -6.561093879335109 1.6693995116978055 0.0007371459105585911 0.04093165704430407 -4674.805256173471
 5.545328201160519 48.834021448513205 -6.53435721908042 1.6679664306313324 0.0007807403982310905 0.041631125691740704 -4651.964187743646
 5.596300946594388 47.85235699803232 -6.507216873158671 1.6664563182875827 0.0008260277033152322 0.042327408691363054 -4640.789984080853
 5.64701213472515 46.879556854835926 -6.479505345264036 1.664866384494359 0.0008730967063010566 0.04302017509228757 -4617.162578146358
 5.697439521949672 45.91572583994872 -6.450842790994953 1.6631886659817356 0.0009220563353880059 0.043709161905073284 -4605.096433820826
 5.747560989149274 44.96096636747699 -6.421140777385215 1.6614227756234201 0.0009730348428306214 0.04439403001446883 -4580.459747098363
 5.797354551391914 44.01532163837581 -6.390044568153051 1.6595618842622912 0.0010261849204774532 0.0450745296633276 -4567.263741453284
 5.846798367575499 43.078869950658415 -6.357597567055505 1.6576093058244117 0.0010816806836440084 0.04575030912217133 -4541.365436004114
 5.8958707500081164 42.151655553683874 -6.323507693633728 1.6555602574908694 0.0011397219298292423 0.046421133931012507 -4526.776727734922
 5.944550173920977 41.23381068056417 -6.288014361240772 1.653423165238076 0.0012005270733713963 0.047086634216136104 -4499.345467844363
 5.992815286909879 40.32546765303976 -6.250927865948502 1.651196091864651 0.00126433521389975 0.04774659374833789 -4483.0904901078175
 6.040644918301091 39.42691123300022 -6.21274969144514 1.6488937993388555 0.0013313931666614597 0.04840061825779379 -4453.854151707802
 6.0880180884375 38.53846128234446 -6.173420842842819 1.6465175134053531 0.0014019543071982568 0.04904851435112294 -4435.671065499534
 6.134914017880986 37.66065648865062 -6.133757273768165 1.6440889622435613 0.0014762585131861872 0.04968985687983909 -4404.383237950777
 6.181312136526971 36.794092338447605 -6.093829227007256 1.641611948224345 0.0015545279069234875 0.05032448246291441 -4384.05223841334
 6.227192092627144 35.93963721086561 -6.054787435326585 1.6391148069034258 0.0016369401094452525 0.05095192881371566 -4350.525533093387
 6.272533761716413 35.09820678946355 -6.016781628798504 1.6366021054766509 0.0017236229452790809 0.05157207311201412 -4327.904307817748
 6.317317255440159 34.27101663810895 -5.981270329886788 1.6341072272536445 0.0018146236112236704 0.05218441009061483 -4292.046478293873
 6.361522930277926 33.459272362941526 -5.9483734437564175 1.631632426958133 0.0019099065825736515 0.05278887186402263 -4267.105564506713
 6.405131396159719 32.66447046439286 -5.919778711719344 1.6292135162889925 0.0020093233222338125 0.053384904427444285 -4228.952054339259
 6.44812352497113 31.88798361158153 -5.895410999626784 1.626846477934843 0.0021126190514302316 0.05397251285794314 -4201.802865892498
 6.49048045894356 31.131434310094683 -5.877070480189306 1.6245664540075626 0.0022194083638837907 0.05455108764175695 -4161.5380877360385
 6.532183618925856 30.396155140456475 -5.8642894623878306 1.6223591357958445 0.0023291961232704854 0.05512072752277304 -4132.445993246933
 6.5732147125337494 29.683676650605243 -5.858858421096968 1.62025636094035 0.0024413628760719982 0.055680757820480466 -4090.4063747429163
 6.613555742173494 28.995039949402635 -5.859728770858737 1.6182305265154977 0.0025552023734367645 0.056231392713926 -4059.7832080144767
 6.653189012936204 28.33145864712749 -5.868599080497943 1.6163090005891063 0.0026699169569633203 0.05677187765864314 -4016.4383102669476
 6.692097140359433 27.69345087245907 -5.8837079252889755 1.6144498411385122 0.00278466972231637 0.05730256352242864 -3984.8131247947495
 6.730263058052568 27.081752037516626 -5.906660506208847 1.6126768791689492 0.0028985853948697805 0.05782259468842383 -3940.7264201137878
 6.767670025182711 26.49621094264593 -5.934940354365914 1.6109351095778135 0.0030108108559713112 0.05833247879142168 -3908.6990113129655
 6.804301633817769 25.937044915611754 -5.970155113862271 1.609247738550827 0.0031205136674397117 0.05883123155782643 -3864.475472553645
 6.8401418161235075 25.40340966644673 -6.009083469375 1.6075498519337998 0.00322694276510741 0.05931953698360707 -3832.662041835438
 6.875174851411439 24.89510455424147 -6.0535101886020195 1.6058680337985196 0.0033294165589362198 0.05979625013789418 -3788.893255049256
 6.909385373034432 24.410682360649247 -6.099621460641186 1.6041314281957733 0.003427377078289684 0.060262252018863975 -3757.87547251011
 6.9427583751270365 23.94973662411304 -6.149586511158706 1.602373815089678 0.003520362592079063 0.060716203720891815 -3715.092955771076
 6.975279219187545 23.51037150965215 -6.1991257117266105 1.600522003601015 0.003608052432992444 0.06115920606731699 -3685.3798031364313
 7.0069336404989295 23.092240318175776 -6.250979791205662 1.5986195092793163 0.0036902236857862627 0.06158969473254681 -3644.023739864734
 7.0377077543858135 22.69315103101121 -6.300502108617738 1.5965932874240685 0.003766788118002797 0.06200901495876743 -3616.030927376662
 7.067588062304754 22.313074827790807 -6.3511333000444115 1.594497334818784 0.0038377364390988987 0.0624153500653635 -3576.4363677569277
 7.096561457765143 21.949620245149184 -6.397910784860522 1.592259972625852 0.0039031712652989577 0.06281031374307354 -3550.4829937945597
 7.124615232078153 21.603286646582728 -6.4450304710039745 1.589944728231713 0.003963244376167533 0.06319181668918976 -3512.8809868222147
 7.1517370799311815 21.271499192244974 -6.487222414354115 1.587481615778165 0.00401818980183915 0.06356176071262595 -3489.1994170830358
 7.177915104785377 20.95543502083394 -6.529425152172036 1.5849415146704808 0.004068259394111297 0.06391777241721167 -3453.72797802356
 7.203137824093847 20.652275721592762 -6.566049587191632 1.5822561397426236 0.004113758579269741 0.06426205267876958 -3432.481486947673
 7.227394174338285 20.36397224627418 -6.6027092327360775 1.5795008547999538 0.004154984306199109 0.06459194369631516 -3399.2009778912648
 7.25067351588179 20.087350331869562 -6.6334915091265865 1.5766092710712973 0.004192263893313407 0.0649099436419026 -3380.504172217451
 7.272965637635775 19.825191427438718 -6.664573249301114 1.573658102851337 0.004225897980835875 0.06521312350901536 -3349.41284804132
 7.294260761538877 19.57383349158599 -6.68974663902001 1.5705835409719087 0.004256201130318737 0.06550426144794953 -3333.3513708752816
 7.31454954684594 19.336916331879586 -6.715601208739811 1.5674605214435602 0.004283451332229417 0.06578018553417364 -3304.3985362204994
 7.3338230942251785 19.11017061628943 -6.735712674304655 1.5642290490228699 0.004307930015222538 0.06604392000943461 -3291.046203398719
 7.352072949661716 18.89809576963971 -6.756894492390936 1.5609593380306677 0.004329879020485938 0.0662920928735679 -3264.141880630249
 7.369291108165793 18.695734420473688 -6.772643832802911 1.5575968523436714 0.004349537480889535 0.06652792410203978 -3253.574808484861
 7.385470017284026 18.508415602682398 -6.789772410736327 1.554204492435802 0.004367106796368245 0.06674789135236897 -3228.595624142275
 7.400602580412157 18.330469172799294 -6.801894058996056 1.5507349492071685 0.004382782292446858 0.06695533377324059 -3220.904053345529
 7.414682159907862 18.167986315969802 -6.815562361372632 1.5472417609190736 0.004396726393803938 0.06714659389857076 -3197.6950342366363
 7.427702580002239 18.014621243667236 -6.824747516982756 1.54368637055391 0.004409093804917384 0.06732495835951471 -3192.994716127574
 7.439658129508707 17.87712098213854 -6.835471453288332 1.5401116603392315 0.004420012585152935 0.0674864734884581 -3171.365663394236
 7.450543564328118 17.748556688220056 -6.842322271227833 1.5364887470025719 0.0044296024718605675 0.06763394300264022 -3169.81247451046
 7.460354109748992 17.63619364816519 -6.850521137260577 1.5328495032181357 0.004437962845695906 0.0677626734319249 -3149.524906316988
 7.469085462541867 17.53265077421649 -6.8555272117391794 1.5291747629518218 0.004445184552782273 0.06787456436763051 -3151.3404345713393
 7.476733792846833 17.44555928681929 -6.861525492985621 1.5254860806717099 0.004451343135771233 0.06796445853827542 -3132.0740864067056
 7.4832957458534395 17.367230365083092 -6.865054616094613 1.5217730427572635 0.004456505263039074 0.0680348406982626 -3137.602107798456
 7.488768443272222 17.30551543397279 -6.869098684645374 1.5180485910781691 0.00446072554735327 0.06808296121900315 -3118.866491317697
 7.49314948459722 17.252549833525578 -6.87139449270029 1.5143091546547744 0.004464049386140255 0.0681149662212543 -3128.7290529162055
 7.496436948158912 17.216286789623332 -6.873679233173103 1.5105615742695178 0.0044665119996574855 0.0681317130308454 -3109.5703102174007
 7.49862939196713 17.18878361503457 -6.874854570847465 1.5068065899422067 0.0044681395141723595 0.06814117236196715 -3125.3166870819605
 7.499725854343557 17.17801925358497 -6.875559944825324 1.5030477859946905 0.004468949032278395 0.06814364883106382 -3102.362055459828
 7.502740194157274 17.152506822728814 -6.877256457724382 1.512443030477279 0.004471192267327824 0.06814789200697657 -3111.933475007823
 7.507120274647511 17.099537202573703 -6.880100538772177 1.519945501702711 0.004474422301908513 0.06815885450178548 -3108.9832259060104
 7.513680788509387 17.02516349854102 -6.883316086510541 1.5274223546424825 0.004479179802042966 0.0681691059116944 -3099.7900395046495
 7.5224102263723065 16.92161527541403 -6.888902544026844 1.5348713592747474 0.004485363124646208 0.06818057182484645 -3094.2926648010903
 7.533293273835977 16.796889611225584 -6.893586181362211 1.5422674513072545 0.004492845195348965 0.06818912229634243 -3079.482091822184
 7.546310838337064 16.64357744224799 -6.901361475465374 1.5496226789709495 0.004501473280029678 0.06819820323562921 -3070.7735740701482
 7.561440082644032 16.46936119980596 -6.906917638984912 1.5568908875917007 0.004511085473484542 0.0682043306547894 -3051.0181920001664
 7.578654464921417 16.267532798540362 -6.916094883469376 1.5641053651239303 0.004521499249794004 0.0682112317526608 -3038.9503884851206
 7.597923785293217 16.04512390208158 -6.921963135329267 1.5711942580309988 0.0045325461244599356 0.06821556065245754 -3014.7623169269837
 7.619214238823742 15.796496914647694 -6.931737923903734 1.5782150835583058 0.004544037729645258 0.06822086648691776 -2999.3828247468136
 7.642488474822953 15.52774929042245 -6.93753090500195 1.5850714745510612 0.004555826961896346 0.06822399784187477 -2971.248211824654
 7.667705662372269 15.234587608535104 -6.947309289763726 1.5918435145579863 0.004567741799129156 0.06822814386995699 -2952.727921013935
 7.694821561955871 14.92204994389429 -6.952947234769877 1.5984167487406988 0.004579678197359923 0.06823048224901165 -2921.139356673658
 7.723788603071846 14.587285096183438 -6.962531068031012 1.6048882847515267 0.004591497275090609 0.06823375578895273 -2899.748830714333
 7.754555967687008 14.234334590833212 -6.968309798623194 1.6111348162391181 0.004603150547566381 0.06823555679890003 -2865.215309222492
 7.787069679389003 13.861707497246009 -6.9779459707108416 1.6172625062234094 0.004614543594123874 0.06823815532668187 -2841.3147722365775
 7.82127269807927 13.472641233700706 -6.98445451564413 1.623148007783308 0.004625689632993001 0.06823958239070872 -2804.3685766183203
 7.857105020040764 13.066780606403213 -6.994652762771841 1.6288973244568097 0.004636549198536063 0.06824165337268273 -2778.401096303288
 7.8945037832048595 12.646762124544294 -7.002453345274221 1.6343926495472985 0.004647204137500732 0.06824281565788047 -2739.603564612485
 7.933403377432782 12.213019907999708 -7.013506790902245 1.639729850330458 0.004657685529958056 0.06824447697613989 -2712.0838497366562
 7.973735559618085 11.767664648304923 -7.02251787097015 1.6447973866787198 0.004668156610069718 0.06824545102302768 -2672.021137996396
 8.015429573408246 11.311432426698254 -7.033714147369809 1.6496704514518792 0.0046787393423202185 0.06824679926817415 -2643.5074052110053
 8.058412273335357 10.845745120743903 -7.042317121858024 1.6542396933332133 0.004689691450920253 0.06824763954273044 -2602.7590073585507
 8.102608253138127 10.370994116616819 -7.050943000507228 1.6585495740620584 0.0047012368737708934 0.06824875156569812 -2573.7893109448364
 8.147939978050086 9.887496728783242 -7.0550064912958605 1.6624864813434566 0.004713720005400711 0.06824949393018856 -2532.8486892741403
 8.194327920821916 9.394562633311981 -7.055469602769393 1.6660577372152534 0.00472743945027569 0.068250424897382 -2503.823558552917
 8.241690701239264 8.890890233813867 -7.047757072531483 1.6691420208534347 0.0047427636441992336 0.06825108589481273 -2462.957859064146
 8.289945228891302 8.374120247407609 -7.03143883949013 1.6717125000118953 0.004759964212165276 0.06825186600024195 -2433.966289745431
 8.339006848939523 7.841082578449864 -7.002147441797854 1.6736474583896277 0.004779282911345878 0.06825244047284484 -2393.0277028596865
 8.388789490631117 7.287745310584364 -6.958835032687451 1.6749054715536709 0.004800762773780178 0.06825307243052446 -2363.649487383351
 8.4392058182963 6.709619963111052 -6.898164412853621 1.6753904615124997 0.004824267191189621 0.06825353236867569 -2321.8979307644518
 8.490167384564764 6.102132996805066 -6.819943190134757 1.6750883146597053 0.004849315348076591 0.0682539925261102 -2291.0724832504443
 8.541584785532415 5.461394045023022 -6.723466483481531 1.6739775023442327 0.004875071462726102 0.06825429080177435 -2247.1347871780895
 8.59336781760621 4.785023049290273 -6.611596769201688 1.672134528225291 0.004900209442626726 0.06825453746812696 -2213.2565724645146
 8.645425635751895 4.073321314148095 -6.488497775897433 1.669677185352334 0.004922918516669435 0.06825462034215 -2165.414395086437
 8.697666912867081 3.3304251043089126 -6.362568771730345 1.6668400130065046 0.004940855064818618 0.06825461248636303 -2126.866384928923
 8.75 2.5655997770464043 -6.2448652944529925 1.6639311237242942 0.004951249135947077 0.06825444307210392 -2073.8796955927946
 8.802333087132919 1.794202663275599 -6.150736586462526 1.6613701022080571 0.004951034385973971 0.06825416944100761 -2030.1653757453323
 8.854574364248105 1.0383273066038514 -6.098060902851957 1.659634674902299 0.0049371516645037574 0.06825375958780178 -1972.6880321786048
 8.906632182393789 0.32657659487717333 -6.10720304901239 1.6592503141841577 0.0049069160794167465 0.068253272550681 -1926.043896595096
 8.958415214467585 -0.3070600121111922 -6.198335893650555 1.6607105070841814 0.004858512837158725 0.0682527147140511 -1868.2711052489258
 9.009832615435236 -0.8256139238949316 -6.38966809090287 1.6644223969142782 0.004791480713625531 0.06825215845713753 -1825.1135675266908
 9.0607941817037 -1.1925672830295473 -6.693982069683297 1.6706133163164019 0.004707151874186847 0.06825164634688759 -1775.7370348397515
 9.111210509368883 -1.376161341711045 -7.116172949502926 1.679270807173539 0.004608886738069223 0.06825126781802467 -1746.8215586978704
 9.160993151060477 -1.3537957306634039 -7.650441777116004 1.6900835175417348 0.004502060522900067 0.0682510932873822 -1718.1316055662808
 9.210054771108698 -1.1158874437936792 -8.279126292893984 1.702433862411165 0.004393735798566836 0.06825122152536911 -1716.4448962684266
 9.258309298760736 -0.6683166403776603 -8.972249659472462 1.7154173927560237 0.004292096239465797 0.06825173184017878 -1721.0177378503458
 9.305672079178084 -0.03311621649978473 -9.688777853776395 1.727910101298507 0.004205730719937404 0.06825271136664621 -1757.4460336019933
 9.352060021949914 0.7527243293362696 -10.378507452830474 1.7386527200447646 0.004142924614076307 0.06825421889749576 -1803.1399294450514
 9.397391746861873 1.6398579069929262 -10.984831489302474 1.7463538954867162 0.004111059258930945 0.06825629929940794 -1881.2445823371252
 9.441587726664643 2.5700121940748684 -11.447524785696968 1.7497882209536049 0.0041161883541867275 0.0682589552820503 -1966.233854290041
 9.484570426591754 3.4795398393381727 -11.705881839816167 1.7478939393307162 0.004162776146857243 0.0682621538279718 -2077.987019133893
 9.526264440381915 4.30270247891032 -11.701935849546832 1.7398607728064863 0.004253551888168602 0.06826580426624934 -2187.585522567733
 9.566596622567218 4.9744814589174355 -11.384151719074557 1.7252129209747125 0.004389403776380324 0.0682697619439745 -2311.640970439685
 9.605496216795139 5.433033896935106 -10.711235466427526 1.7038754307225 0.004569244073393691 0.06827381449462117 -2418.403264620745
 9.642894979959236 5.621914196884304 -9.655854346360744 1.6762171270405717 0.004789775753914512 0.06827768878071937 -2522.4444876389643
 9.67872730192073 5.492220910143471 -8.207502353238942 1.643054698498195 0.005045098955937233 0.06828104768097164 -2591.1266348538393
 9.712930320610997 5.004672338704476 -6.374134592216767 1.6056147594841417 0.005326092533345365 0.06828350360672919 -2639.5788461751245
 9.745444032312992 4.131641337468178 -4.182259224080332 1.5654551075063858 0.005619521686937497 0.06828462626435021 -2637.319028397849
 9.776211396928154 2.8591722457133892 -1.6758180102159985 1.5243596119546332 0.005906873527104169 0.0682839653165098 -2603.1980713668863
 9.805178438044129 1.1891721794648058 1.085677773613716 1.4842215455618397 0.006163065620081602 0.06828107260080873 -2511.7947023434394
 9.832294337627731 -0.8580180297205883 4.029038125161305 1.4469302137887232 0.006355458890077366 0.06827554102467175 -2387.975620363907
 9.857511525177049 -3.240579522966302 7.068874719533307 1.4142657340942415 0.0064440607283832935 0.0682670497248711 -2212.798994624063
 9.88078576117626 -5.892253507156698 10.108537938615672 1.3877985636018444 0.006384285861648322 0.06825543076996377 -2017.5207838612807
 9.902076214706783 -8.721090302324928 13.041270695865974 1.368781768314811 0.00613373309640171 0.06824075271224608 -1788.8914052679986
 9.921345535078583 -11.612686422028824 15.753515639681174 1.3580269316565265 0.005663496866492023 0.06822343108535464 -1562.498060617982
 9.938559917355967 -14.44037204429248 18.133445004064612 1.3557730438886282 0.00497221708003909 0.06820433118935422 -1327.3666519025307
 9.953689161662936 -17.081849930902052 20.086845343708255 1.3615915614740937 0.0040980057241347834 0.06818478634070942 -1118.7328178936086
 9.966706726164023 -19.436958470633932 21.558219814477496 1.374396398724468 0.003121287876414545 0.06816638685514825 -922.4788859290358
 9.977589773627695 -21.43861746634707 22.54894034953548 1.3926108539814177 0.0021525312289694606 0.06815047499524521 -768.4233120773007
 9.986319211490613 -23.05206405586859 23.121892818756375 1.4144755964350852 0.0013044508277100075 0.06813746008893544 -635.9690919081625
 9.992879725352488 -24.26465897574596 23.38688751868255 1.4384004389144702 0.0006584010611543436 0.06812679342911294 -548.938879520336
 9.997259805842727 -25.073667757869806 23.470542320645166 1.5037625719703251 0.00024394355877768953 0.06811839540829212 -482.51571815344255
 9.999451768811786 -25.478470703388762 23.481391372628234 1.5554440279091752 0.000047795864368124465 0.06811352817148493 -458.6497275154029
