 0.0005482311882135312 81.62159481613755 -0.0008606260872402118 21.389872913689928 1.9576682918594376E-34 3.0141876771268043E-33 -3330.9931207382688
 0.00274019415727332 81.62210431729596 -0.004235027200547882 1.5207339735943544 9.764126275670249E-34 1.5688972459240948E-32 -3330.9929380112253
 0.007120274647511144 81.62363869061504 -0.010618517841973941 1.5219220824873427 2.5255261028546683E-33 4.4658001033579334E-32 -3331.548587685693
 0.013680788509385776 81.63073577454335 -0.019357095812893094 1.5207534592286096 4.817834126506195E-33 9.899912799559454E-32 -3331.5446482981847
 0.022410226372305896 81.64105573359512 -0.02978358422748063 1.5207417096472058 7.815814918843357E-33 1.9569770978095442E-31 -3333.9938345125893
 0.03329327383597702 81.67156062930916 -0.04133313750727198 1.5208476758424618 1.1463797067411211E-32 3.692751749060288E-31 -3333.976018964837
 0.04631083833706351 81.70482895050587 -0.053291194856714255 1.5204410167183269 1.5703852210601235E-32 6.91256629538227E-31 -3341.1360969373213
 0.0614400826440323 81.78551638857935 -0.06610976815090684 1.5210638800664382 2.045698712803817E-32 1.3033598017193035E-30 -3341.0911069034814
 0.0786544649214172 81.86236871358143 -0.07810783112192267 1.5206172790484591 2.562389605696455E-32 2.534877081328459E-30 -3357.1098013177316
 0.0979237852932173 82.02503824189108 -0.09171008457622423 1.5214148160758785 3.109173153970144E-32 5.069072205319474E-30 -3357.0292796710987
 0.11921423882374141 82.17083632187786 -0.1026568684072717 1.5210360891372905 3.6773224875643785E-32 1.0592811988304565E-29 -3386.666594876287
 0.14248847482295224 82.44366993618252 -0.11651502909014393 1.5218891901657694 4.24968479291196E-32 2.288513194483827E-29 -3386.555709394564
 0.1677056623722686 82.6839893802453 -0.12521522437667879 1.5215896637714903 4.783528499371797E-32 5.167431381019597E-29 -3434.010199135796
 0.1948215619558712 83.0816532848371 -0.1382070587500503 1.5224446373810152 5.88612339253349E-32 1.2046156303826847E-28 -3433.8910676065793
 0.22378860307184567 83.43492158922265 -0.14382721451296415 1.5221936699511351 2.100467345597329E-33 2.9211936514945435E-28 -3501.5144952987084
 0.254555967687008 83.95235034800882 -0.1545789718660174 1.523015222372228 5.150719080331376E-31 7.292779955637243E-28 -3501.4190753434605
 0.2870696793890023 84.42240000532465 -0.15724427942898414 1.5227884140818144 -2.8376049947493912E-30 1.8816318551354294E-27 -3588.861331744809
 0.32127269807926995 85.03629048703002 -0.16482246784650212 1.5235362865286524 1.592872860573275E-29 4.996576459358796E-27 -3588.816623658022
 0.3571050200407644 85.60960194302798 -0.1656051353981925 1.5233384770479375 -7.571921169217233E-29 1.357752385975212E-26 -3693.0912006743397
 0.39450378320486024 86.2865670201955 -0.16995594871352102 1.5239715342762943 3.250724671540231E-28 3.818431333275462E-26 -3693.1073966389804
 0.43340337743278257 86.93635707203146 -0.17039932434610786 1.5238308213133318 -1.2710060436263737E-27 1.082631588580165E-25 -3809.5483657904615
 0.47373555961808467 87.64261652349808 -0.17231807741824384 1.5243258008609328 4.598114444911963E-27 3.2102277116625444E-25 -3809.6175578971174
 0.5154295734082459 88.33697997391035 -0.173982902004411 1.5242711153616413 -1.5541696865781912E-26 9.442867218614023E-25 -3933.1744456190168
 0.5584122733353573 89.04500117037512 -0.17477213306286898 1.5246402376218091 4.952699419569889E-26 2.9300206090630845E-24 -3933.2781219951485
 0.602608253138127 89.75444233340251 -0.1790484949902692 1.5246871647959948 -1.4982019387456834E-25 8.92655229484278E-24 -4059.550998909359
 0.6479399780500863 90.44518418365084 -0.1801455318341178 1.5249785558751245 4.328362125146634E-25 2.869907531347261E-23 -4059.6693180841344
 0.694327920821916 91.14681195147028 -0.18828886764397715 1.525131678680929 -1.2000411982310594E-24 9.048541216265264E-23 -4185.414687554638
 0.7416907012392653 91.80878478153237 -0.19104280267635762 1.5254143923573584 3.2065060993205778E-24 2.986554768091882E-22 -4185.532389981091
 0.7899452288913011 92.48714524171503 -0.20430714285728419 1.5256784535176888 -8.285460196140852E-24 9.715615891187763E-22 -4308.697887076236
 0.8390068489395233 93.11417559944027 -0.2099322052832539 1.5260244542249948 2.0766766237302906E-23 3.2690337467074262E-21 -4308.805932525429
 0.8887894906311168 93.76005686316773 -0.22971109798928677 1.526413967389745 -5.0603848395311774E-23 1.0909274877662225E-20 -4428.2932153837355
 0.939205818296299 94.34911817468779 -0.23935835677818865 1.5268869109626682 1.201562132643644E-22 3.721671936783109E-20 -4428.387702889331
 0.9901673845647623 94.95769227512719 -0.2672953047705166 1.5274296417508682 -2.7834053057585663E-22 1.264626068214509E-19 -4543.73175453299
 1.0415847855324147 95.50738143825059 -0.28217541341296526 1.5280823775216437 6.30263026858143E-22 4.351801578541004E-19 -4543.811963496334
 1.0933678176062092 96.0765231710251 -0.3202342141270525 1.5288174356269328 -1.3947792850787796E-21 1.4938483219525384E-18 -4654.893890348409
 1.1454256357518955 96.58621557323093 -0.34174718590550035 1.5296949016312322 3.023916238272186E-21 5.156548109586018E-18 -4654.960564705397
 1.197666912867081 97.11531290043587 -0.39224093868102344 1.5306678942134666 -6.4062826156136435E-21 1.77430240504336E-17 -4761.800962535971
 1.25 97.58478929003543 -0.42209095544416164 1.5318110831593756 1.3325429814476926E-20 6.106036874693917E-17 -4761.855203663079
 1.302333087132919 98.07403196170833 -0.487666308896463 1.5330680606593443 -2.6995386072078758E-20 2.0902285050042476E-16 -4864.488921013188
 1.354574364248104 98.50334151597389 -0.5279494655314382 1.5345160327999186 5.395174552624895E-20 7.124690289240998E-16 -4864.531617369107
 1.4066321823937904 98.95333983658307 -0.6115168537224023 1.5360967342037908 -1.0387264934154754E-19 2.408860681810217E-15 -4962.943152559292
 1.458415214467585 99.34272754398549 -0.6647692459403284 1.537885223670446 2.0045719366883936E-19 8.078118977927042E-15 -4962.974740318795
 1.5098326154352377 99.7543000880698 -0.7693642607466125 1.5398154158979764 -3.5993444107707615E-19 2.678625972500527E-14 -5057.068976928903
 1.560794181703701 100.10410647345158 -0.8385513638518458 1.5419715773156557 6.865887997880933E-19 8.778571950124553E-14 -5057.08936328301
 1.611210509368883 100.4781140099262 -0.9671090134990528 1.544254251126831 -1.080253004646372E-18 2.835462304775397E-13 -5146.676458141616
 1.6609931510604765 100.7886195434029 -1.0555281042209637 1.546787558241065 2.2452179158520203E-18 9.021661072484626E-13 -5146.685033366385
 1.7100547711086986 101.12577000831592 -1.210552108448737 1.5493932013733653 -2.400840316193882E-18 2.8198620407790494E-12 -5231.465336652772
 1.758309298760735 101.397002930766 -1.3216093884411906 1.552282791373483 7.959027956609435E-18 8.654812427023171E-12 -5231.461091214964
 1.805672079178084 101.69759630539811 -1.504725841323112 1.5551396863347693 5.137992201841756E-19 2.6012840660905406E-11 -5311.003865102625
 1.8520600219499133 101.9291606088095 -1.6415413520053943 1.558318916804993 3.7987117007012104E-17 7.654056180283181E-11 -5310.985686519952
 1.8973917468618728 102.1927918841555 -1.852946216088399 1.5613052476943612 6.026558514814614E-17 2.198670970022407E-10 -5384.704697363389
 1.9415877266646429 102.38380903084501 -2.0177405411170404 1.5646452714304053 2.4739372443419206E-16 6.165029630090885E-10 -5384.671923815165
 1.984570426591754 102.60911929996892 -2.255593022070458 1.5675856270198656 5.978300405353506E-16 1.6826187872115517E-9 -5451.813189038832
 2.026264440381915 102.75840593983278 -2.448841858518874 1.5708818102805027 1.7548886702258062E-15 4.470016876752597E-9 -5451.766406783684
 2.066596622567217 102.94306929852722 -2.7087274139437856 1.5735511715957204 4.472961191676666E-15 1.1525632796898541E-8 -5511.437551935691
 2.1054962167951397 103.04966315535466 -2.92817172799923 1.5765193412078264 1.1584017738196428E-14 2.884555367905943E-8 -5511.379418637465
 2.1428949799592356 103.19087312603892 -3.2028449601918902 1.5786574281596595 2.823401603384005E-14 6.987561900898683E-8 -5562.658053009339
 2.17872730192073 103.25492105483245 -3.4426409918672496 1.5809498687675168 6.700967239487303E-14 1.638397819369897E-7 -5562.593675154269
 2.2129303206109974 103.35056968330325 -3.7223003535219905 1.5822878964137734 1.5194515606517255E-13 3.708462026646224E-7 -5604.736053708187
 2.245444032312992 103.37438139036902 -3.972810017380264 1.583536802429864 3.315272412270659E-13 8.101880108329198E-7 -5604.672373055483
 2.2762113969281543 103.42477321948114 -4.246055244706222 1.583838833298941 6.919881806052426E-13 0.0000017043858596262538 -5637.387529566412
 2.3051784380441287 103.41360671295948 -4.49476475783846 1.5837202259951995 1.3831101078383306E-12 0.000003450443950788058 -5637.331578797718
 2.332294337627731 103.42300894188169 -4.7500984723255915 1.5828411950975223 2.6409062594300647E-12 0.000006710184762502401 -5661.008950654044
 2.3575115251770478 103.3851110131116 -4.983659730327873 1.5811287344442706 4.815037168520754E-12 0.000012514756137492565 -5660.965680321036
 2.3807857611762584 103.36219342497895 -5.211055281376122 1.5790724507470637 8.372249596837707E-12 0.000022362520449231194 -5676.718127228092
 2.4020762147067827 103.30793464233383 -5.417672917681148 1.575654676011466 1.3872943108025189E-11 0.00003814671706950025 -5676.6890592943155
 2.421345535078583 103.26466442509795 -5.60962978132897 1.5725443836820603 2.1885550783414908E-11 0.00006211565448900246 -5686.159356506668
 2.4385599173559678 103.20509535845956 -5.780697321009128 1.5674638709013702 3.283823480430998E-11 0.0000959855307218375 -5686.142803625623
 2.453689161662936 103.1545978529624 -5.932477764434316 1.5633928107065007 4.68043406140753E-11 0.00014089046422820117 -5691.163645667461
 2.466706726164023 103.09996993693865 -6.062871024002643 1.5569463906790288 6.328212802454925E-11 0.00019519216567613927 -5691.156180954422
 2.4775897736276944 103.0543655028241 -6.171842669335841 1.5515222793273322 8.107836355591906E-11 0.00025576970423276177 -5693.412553042375
 2.4863192114906143 103.013296505851 -6.258495276526946 1.5446384870065297 9.842965059546396E-11 0.0003158487405475319 -5693.409223807139
 2.4928797253524886 102.98161773123238 -6.322265313480153 1.5392978299037958 1.1338189624940197E-10 0.00036894555034217897 -5694.31795795656
 2.4972598058427264 102.95854962754242 -6.363381455049773 1.5311646840233166 1.2425664301728792E-10 0.0004080133587330674 -5694.320887647583
 2.4994517688117863 102.95009688253909 -6.38319519837894 1.52382578957512 1.2994774288379397E-10 0.000428086390899047 -5692.6509543012835
 2.5013706080328704 102.94352576892646 -6.401883132760605 1.5254194651494148 1.353843562227671E-10 0.00044613532504624373 -5694.605811145035
 2.5035630518410876 102.93186636744589 -6.423746860820748 1.52950653519942 1.4195502043979168E-10 0.00046807057981607326 -5694.6049878688555
 2.50685051540278 102.9143700453255 -6.456519666118806 1.5330982817932486 1.5237816987926837E-10 0.000501726483834048 -5694.60656607467
 2.511231556727778 102.89107994879322 -6.50014237845527 1.5367212686526355 1.6740305583488678E-10 0.0005476464040270471 -5694.607171464083
 2.516704254146561 102.86134007764592 -6.55450637727289 1.5401594729761783 1.881533951831473E-10 0.0006068068772749305 -5694.749381544846
 2.523266207153167 102.8239383898655 -6.61956688049233 1.544227454294167 2.162565878317669E-10 0.0006794602042161391 -5694.749772972138
 2.530914537458133 102.77961543459061 -6.6950482889493665 1.5478064722791811 2.5403738580905286E-10 0.0007666849612405007 -5694.412472943617
 2.539645890251008 102.72562695286544 -6.780989624807809 1.5521465948217295 3.048046269760845E-10 0.0008680019292509815 -5694.413941547397
 2.549456435671882 102.6643611037138 -6.876672079130228 1.555941237776532 3.7327494023368755E-10 0.0009848897538228818 -5693.185909853151
 2.5603418704912926 102.59029199683371 -6.982520874211933 1.5605877516150743 4.661967235182044E-10 0.0011160532703028568 -5693.188534779369
 2.572297419997761 102.50888155890732 -7.096855765858205 1.5647347607368973 5.93275959770432E-10 0.0012634125838033665 -5690.487898472364
 2.5853178400921384 102.41068431201272 -7.2210737141520775 1.5696402511785454 7.685349774143091E-10 0.0014249571666202388 -5690.49221761956
 2.5993974195878433 102.30542728610442 -7.351641302573303 1.5742400988083627 1.0123458759259921E-9 0.0016029586350147012 -5685.682901458344
 2.6145299827159736 102.17867050881652 -7.491933878301572 1.5793634319208267 1.3543720624920398E-9 0.0017949859068831526 -5685.689100270938
 2.6307088918342068 102.04544843270286 -7.635254394596698 1.5844743898242946 1.8380260922441758E-9 0.0020033756983017913 -5678.1152015126645
 2.647927050338284 101.88569796100086 -7.7884090351243485 1.5897748368860456 2.5266845329559054E-9 0.002225698814798611 -5678.12324971489
 2.6661769057748215 101.72023666144923 -7.939861415205463 1.5953960454960108 3.5133257315504493E-9 0.0024639589266068572 -5667.187131075821
 2.68545045315406 101.523466874507 -8.101649813751127 1.600838558618312 4.932975520346451E-9 0.002716195996486822 -5667.196601145071
 2.705739238461123 101.32163963213532 -8.255576240822048 1.6069078447365905 6.982994885767407E-9 0.0029836626654570425 -5652.44092025578
 2.7270343623642246 101.08463652302041 -8.420786071962372 1.6124567734289101 9.945691387860978E-9 0.003265289357600351 -5652.451048786806
 2.7493264841182095 100.8428147979775 -8.570816818777072 1.6188566148159085 1.4229553811805393E-8 0.0035612306837550034 -5633.6377567486825
 2.7726058256617154 100.56345341174861 -8.733459315622941 1.6244677296654144 2.0403857319377812E-8 0.003871611300313978 -5633.647575919946
 2.796862175906152 100.27882046512015 -8.873030106677698 1.6310388146097703 2.9279698886444084E-8 0.004195273102032039 -5610.8106766216315
 2.822084895214622 99.95613744931309 -9.026732317187518 1.636652561065807 4.194678315891596E-8 0.004533681593457227 -5610.8192559797235
 2.8482629200688185 99.62688557623775 -9.149697848071678 1.643211833626467 5.992926671335976E-8 0.004884308997335294 -5584.275002779741
 2.875384767921848 99.26092309071704 -9.288227644343477 1.648751096214506 8.518366834769595E-8 0.005249946344418875 -5584.281683920593
 2.9034385422348565 98.88627210819752 -9.389440035429699 1.6551111668228315 1.2039626446374966E-7 0.0056267886599556645 -5554.590059318104
 2.9324119376952456 98.47774567899863 -9.50726294588189 1.6604842886398776 1.6884033306656407E-7 0.006018798839242411 -5554.594604624302
 2.9622922456141856 98.05777851473049 -9.582998558747311 1.6664711768508378 2.3493998364656122E-7 0.006421104309443453 -5522.480918479192
 2.9930663595010705 97.60767191521617 -9.675753596677604 1.6715791428470688 3.2379252409429257E-7 0.006838588871184213 -5522.483519264837
 3.024720780812455 97.14304246721653 -9.723925219878472 1.6770461503327756 4.4221306983809453E-7 0.007265594706673526 -5488.739731371779
 3.0572416248729635 96.65224155986544 -9.788737066238912 1.681791766275619 5.97617653821537E-7 0.007707625157050218 -5488.740887524844
 3.090614626965568 96.14384557262329 -9.808891331318149 1.6866284048522804 7.99868080711456E-7 0.00815854675585221 -5454.129247887666
 3.1248251485885614 95.61289362543458 -9.844488338012496 1.6909252592862536 0.0000010591192154186512 0.008624174002787139 -5454.129572710089
 3.1598581838764925 95.06159143260655 -9.83763409454061 1.695061210760581 0.000001388857814910304 0.00909819576833682 -5419.3065127753
 3.1956983661822314 94.49060109079893 -9.844289439835887 1.6988408305818143 0.0000018022999525402206 0.009586456340634465 -5419.306532535596
 3.232329974817289 93.89705082680246 -9.812621429473358 1.7022456227935527 0.0000023169890340698203 0.010082725240956932 -5384.776160385123
 3.2697369419474325 93.28576299573918 -9.791962576335058 1.7054620540174288 0.0000029494534059016113 0.01059264447900476 -5384.776165757729
 3.307902859640566 92.65038227474531 -9.73854088948531 1.7081414580518637 0.000003721523258849752 0.011110266581543234 -5350.874173620299
 3.3468109870637957 91.99833207720962 -9.693279202671782 1.710773180346096 0.000004653279559027335 0.011640859337082275 -5350.874154624195
 3.386444257826506 91.32137133294016 -9.62170976604299 1.7127633771370214 0.000005770822464814429 0.01217889901029595 -5317.776911788883
 3.4267852874662497 90.62810900708874 -9.555335395471454 1.7148128682168418 0.000007098078200762542 0.01272916854484819 -5317.77657998295
 3.4678163810741434 89.90979879308065 -9.469479808447758 1.7161733398885564 0.000008665114689564634 0.01328664976310883 -5285.527285410534
 3.5095195410564397 89.17511570561969 -9.385955493661884 1.7176647792886368 0.000010500081666110243 0.013855585543064618 -5285.526165065157
 3.5518764750288687 88.41584401103263 -9.289685055586169 1.7184707485297352 0.000012636401026012596 0.014431494659330439 -5254.06962130817
 3.59486860384028 87.63996528089513 -9.19316191246202 1.7194463843234122 0.000015106893789542824 0.01501806967565154 -5254.067178412713
 3.6384770697220743 86.8404457694666 -9.090161805815384 1.7197814892324614 0.000017947408102678166 0.015611359050739425 -5223.286051397302
 3.6826827445598416 86.02416595374382 -8.98473227894895 1.7202971690900843 0.0000211958860411493 0.016214527189825186 -5223.281826317874
 3.7274662382835873 85.18556915317671 -8.878356603608257 1.720246918507927 0.000024889393345442838 0.016824119138668048 -5193.029277815399
 3.772807907372856 84.33032202710174 -8.76785415132657 1.7203672509177965 0.000029071340193399753 0.017442813018423927 -5193.022992679294
 3.818687863473029 83.45435454569929 -8.661029349988564 1.7200136456107735 0.000033778593418278594 0.018067603633590317 -5163.148677837814
 3.8650859821190133 82.56221977484678 -8.548879925284712 1.719807215492036 0.000039060158541099034 0.01870073319876613 -5163.140300423989
 3.9119819115624996 81.65114848157995 -8.444051984229317 1.7192247444654156 0.00004495118720386081 0.01933959573306864 -5133.508541274068
 3.9593550816989085 80.72480585524887 -8.333178169935337 1.7187597499810336 0.00005150608611534981 0.019986047778199262 -5133.498299791
 4.007184713090121 79.78143283800061 -8.232297309196342 1.718012794475313 0.00005875680493100749 0.020637835402653636 -5103.998609810949
 4.055449826079023 78.82407864685044 -8.125071904921889 1.7173533895473143 0.00006676257343966078 0.021296474067507634 -5103.986964133202
 4.1041292499918836 77.85167803652682 -8.029607234623597 1.716494913555441 0.00007555081437369403 0.02196002195264623 -5074.537976071173
 4.153201632424501 76.86691875545783 -7.9278495268469245 1.7156984348199633 0.00008518460889039903 0.0226296901280437 -5074.5255584973565
 4.202645448608086 75.86914842431032 -7.838825490426514 1.7147697313540649 0.00009568580802483782 0.023303816906882047 -5045.07384617914
 4.252439010850726 74.86088508618441 -7.74383087533427 1.7138848716301391 0.0001071200242609915 0.023983338412599215 -5045.06138772163
 4.302560478050328 73.84168558712685 -7.661877353919572 1.7129160792358533 0.00011950286460668884 0.024666847157049414 -5015.576763817192
 4.35298786527485 72.81399916482201 -7.574469783036611 1.7119819601760888 0.0001329008961477149 0.025355029517591565 -5015.565020942629
 4.403699053405612 71.77749006491368 -7.499878487874903 1.710993062359435 0.0001473232435971909 0.026046708389597467 -4986.033743158327
 4.454671798839481 70.734534736721 -7.420475414524196 1.7100390733302142 0.00016283571804751455 0.02674234603945716 -4986.023436134441
 4.505883743245645 69.68491563125325 -7.353256483536845 1.7090411323690538 0.0001794411911413273 0.027440968765434316 -4956.440466050042
 4.557312423372716 68.63082363656838 -7.2819373402434655 1.7080873502880258 0.00019720301068741145 0.0281428465577698 -4956.432235216274
 4.608935280901857 67.57228429313935 -7.221871624867704 1.7070837891023407 0.00021611850501436947 0.028847172828869085 -4926.793351532625
 4.660729672341605 66.51108354247324 -7.158442902733098 1.7061417757034836 0.0002362469925140866 0.029554069790678036 -4926.787733202257
 4.712672878960053 65.44772521047621 -7.105127020005616 1.7051295903597488 0.0002575814519545846 0.03026284562483798 -4897.081965293349
 4.764742116750039 64.38326899827264 -7.049179261504556 1.7042033728382004 0.0002801758788023925 0.03097353898515191 -4897.079385346203
 4.816914546422964 63.31903706509379 -7.002061902583443 1.7031742216598222 0.0003040205859054073 0.03168549701524104 -4867.281940736389
 4.869167283426858 62.25494409364698 -6.95301597426082 1.702261290268098 0.000329163351876153 0.03239876661385915 -4867.28272142667
 4.9214774079843036 61.19357093749552 -6.911425132217801 1.701202457310293 0.0003555940179432769 0.03311262620796212 -4837.3483506311095
 4.973821975145803 60.133173297524415 -6.868566821279707 1.7002946507177268 0.0003833537864227904 0.03382725944457241 -4837.352724471551
 5.078522592015696 58.02442600372327 -6.794231903253278 1.6982741131874177 0.00044287196931744826 0.03525652400749031 -4807.217430927347
 5.130832716573141 56.97887595537158 -6.761282483560066 1.6971046276091615 0.00047466316281358245 0.03597029061641374 -4776.759491871763
 5.183085453577036 55.93449043276325 -6.728223269848802 1.696163181367298 0.0005078383734797617 0.03668407237614297 -4776.7714505076865
 5.235257883249961 54.90125306719068 -6.698217062808643 1.6949083650838825 0.0005424053033898581 0.03739581580085007 -4745.853331233782
 5.287327121039947 53.86839410652794 -6.668580126934168 1.6939193848768015 0.0005783915609523809 0.038107427954274076 -4745.8691281516485
 5.3392703276583955 52.84990245967261 -6.640498525962605 1.692558066226023 0.0006158199440375683 0.03881581019720414 -4714.297717111082
 5.391064719098143 51.83033214145073 -6.6131837074280675 1.6914955773281268 0.0006547199345686776 0.0395241305963962 -4714.317235979203
 5.442687576627284 50.82859589842106 -6.585951552921037 1.690007433559653 0.0006951358389773717 0.04022779880153497 -4681.844503093441
 5.494116256754355 49.823612370648405 -6.5597874886299445 1.6888417363369244 0.0007371054969408242 0.040931739928119916 -4681.867440769228
 5.545328201160519 48.840187836705546 -6.532306807216664 1.6872092052699619 0.0007807023945052337 0.04162932938229995 -4648.1836175681
 5.596300946594388 47.8506386021423 -6.5060848997247485 1.6859077851228295 0.0008259816646382315 0.042327835360928656 -4648.209386789039
 5.64701213472515 46.88661979669984 -6.477297556368851 1.6841185437058357 0.000873054443716621 0.043017977118513816 -4612.938451540395
 5.697439521949672 45.91296883763479 -6.4498414616346365 1.6826480049895083 0.0009220040148815132 0.04371001136657316 -4612.966065463243
 5.747560989149274 44.96902194271665 -6.418831780607158 1.6806979975222651 0.0009729869124012358 0.0443913467228393 -4575.66614913475
 5.797354551391914 44.011498522055525 -6.389116595975471 1.6790274443459787 0.0010261252941913635 0.04507586748396612 -4575.694115887311
 5.846798367575499 43.08796745693227 -6.355259221594982 1.6769242070465016 0.0010816249493448868 0.04574707079029913 -4535.866290696261
 5.8958707500081164 42.146819258423285 -6.322585842201495 1.6750302152209533 0.0011396533043324273 0.04642299441829128 -4535.892564966732
 5.944550173920977 41.243925857228696 -6.285730906878289 1.672795889946327 0.001200460413382252 0.047082803721434086 -4493.001798650366
 5.992815286909879 40.31977789744841 -6.2499424220977335 1.6706686557284047 0.0012642548388187814 0.04774896003677787 -4493.023850290041
 6.040644918301091 39.43792002579762 -6.210609788748322 1.6683416991768971 0.0013313112242658858 0.04839621184098605 -4446.535185777665
 6.0880180884375 38.53220176255729 -6.172310311295278 1.6659911975500075 0.0014018579753262664 0.04905130108836317 -4446.550239291361
 6.134914017880986 37.67231620608826 -6.131842059117183 1.663625559948816 0.0014761555285535532 0.04968496209695051 -4395.9810479755015
 6.181312136526971 36.7876702178564 -6.092552135883134 1.6610858525150458 0.0015544096696085408 0.05032752700855863 -4395.9865099386425
 6.227192092627144 35.95158310234297 -6.053156848273978 1.6587465532105403 0.0016368089201650438 0.05094671356324732 -4340.971880654235
 6.272533761716413 35.092127633527994 -6.015326333474578 1.6560761163090214 0.0017234750950999363 0.051575140642917586 -4340.965904122533
 6.317317255440159 34.28278084491033 -5.979951139468585 1.6538308377007245 0.001814455899127094 0.052179117211709855 -4281.32940580024
 6.361522930277926 33.45408852894415 -5.946762774583747 1.6511072601876293 0.0019097200185699 0.05279167716307145 -4281.311459381814
 6.405131396159719 32.6755262633474 -5.918757871933877 1.6490147756545581 0.0020091101377312025 0.053379829117833365 -4217.128919557051
 6.44812352497113 31.884221605786973 -5.89369972541677 1.6463235255384172 0.0021123840393874075 0.05397475718670329 -4217.100168926513
 6.49048045894356 31.14126179425998 -5.876296431663892 1.6444211794402075 0.0022191408846674427 0.054546539450136704 -4148.741570675815
 6.532183618925856 30.394235730230335 -5.862554615874653 1.6418401416589774 0.002328903329612624 0.05512214390198009 -4148.70488452486
 6.5732147125337494 29.691838069870997 -5.858250856914426 1.6401336833300946 0.0024410332805256973 0.05567701411669075 -4076.8408593463296
 6.613555742173494 28.995210604151918 -5.858055258892048 1.637717181024015 0.002554843948122906 0.05623178891046969 -4076.8003494378636
 6.653189012936204 28.33766564395389 -5.868065070745746 1.636176378621507 0.0026695192454476786 0.05676913951041955 -4002.365997719367
 6.692097140359433 27.69574973703161 -5.8821735614514505 1.6339434189429631 0.0027842401847293714 0.057301851145129666 -4002.3261784456754
 6.730263058052568 27.085906518384995 -5.906112677509072 1.6325055953411507 0.0028981159935667204 0.057820956920354646 -3926.4451140792617
 6.767670025182711 26.500473281682304 -5.933604601061229 1.6304362579566174 0.0030103076038651916 0.05833068044655706 -3926.4099425715417
 6.804301633817769 25.939242089182805 -5.969526818315196 1.6290173868542477 0.003119971699292473 0.058830675151104746 -3850.292279087799
 6.8401418161235075 25.409314001130557 -6.0079825274557965 1.6270585727755023 0.0032263661422442563 0.059316770607718027 -3850.2644051702323
 6.875174851411439 24.895598708215502 -6.0527637601357105 1.6255688647695485 0.003328803749164082 0.05979665788453878 -3775.0994882445175
 6.909385373034432 24.417820589309542 -6.0987696794682575 1.6236472182281567 0.003426730051857267 0.06025869910478152 -3775.079948835008
 6.9427583751270365 23.948882027461064 -6.148713337124924 1.622006592339788 0.003519682866802504 0.060717392357452805 -3701.944865787092
 6.975279219187545 23.518321464168363 -6.1985210076308155 1.6200440668988656 0.003607340012415684 0.06115507480570796 -3701.9332532588287
 7.0069336404989295 23.090425624220778 -6.249993786185679 1.6181933421104921 0.0036894825895182684 0.06159145239129196 -3631.731635646131
 7.0377077543858135 22.7015332611829 -6.30013225518958 1.6161207324126439 0.003766016675457028 0.06200450863683598 -3631.7265797534155
 7.067588062304754 22.310667510503603 -6.350061175644521 1.6140264096034544 0.003836940513364222 0.06241746853340403 -3565.1622496498626
 7.096561457765143 21.9581301683575 -6.397758160465485 1.6117919417049722 0.003902347893800474 0.06280561036616464 -3565.1619778266077
 7.124615232078153 21.600596800969775 -6.443902378929729 1.6094448630244353 0.003962400605288908 0.06319411238546692 -3502.742909173725
 7.1517370799311815 21.27991552061643 -6.487266277305862 1.6070173403127423 0.004017321787119578 0.06355700464397972 -3502.7456983800043
 7.177915104785377 20.95269983594488 -6.528268179332261 1.6044271751620596 0.004067374762968818 0.06392009525281142 -3444.808520950053
 7.203137824093847 20.66045216349102 -6.566266257331472 1.6017949426692346 0.0041128529994349725 0.06425735547768827 -3444.8129608498693
 7.227394174338285 20.361357023938805 -6.6015446753487295 1.5989829518283978 0.0041540654652250505 0.06459417667125969 -3391.557333662252
 7.25067351588179 20.09519904057346 -6.633853492235246 1.5961505473338817 0.004191327323540075 0.06490538992869205 -3391.5624138171206
 7.272965637635775 19.822801030280072 -6.663417305036848 1.5931427031784648 0.004224950994890019 0.06521517727593876 -3343.086705152339
 7.294260761538877 19.58130706453038 -6.6902218175532235 1.590126739565237 0.004255239424995216 0.06549991595320025 -3343.0917846806933
 7.31454954684594 19.334811388444674 -6.714468011296519 1.586948548415596 0.004282481497011563 0.06578199180695748 -3299.424753520724
 7.3338230942251785 19.117246694885804 -6.736264518261321 1.5837736694720737 0.0043069481547138985 0.06603983306782293 -3299.4294757921025
 7.352072949661716 18.896309397909356 -6.755800264924215 1.580447324227445 0.004328890746661052 0.0662935994035236 -3260.5556485731404
 7.369291108165793 18.702404551559336 -6.77323337518789 1.577142458370314 0.00434853948957024 0.06652413414529129 -3260.559846727396
 7.385470017284026 18.50696789287351 -6.788739763335863 1.5736863772974181 0.004366103576894079 0.06674905983460837 -3226.4383793576612
 7.400602580412157 18.336732005204816 -6.80248409058493 1.5702811933913057 0.0043817712514007965 0.06695186701075612 -3226.441998648585
 7.414682159907862 18.166895211239645 -6.814624081483264 1.5667114240336373 0.004395710880443738 0.06714740046226263 -3197.0199209038647
 7.427702580002239 18.020480054801837 -6.8253085869509125 1.563233013230033 0.0044080719903118225 0.06732182628946295 -3197.0229625413726
 7.439658129508707 17.876408929263675 -6.834672141704899 1.5595645579555883 0.004418986795057072 0.06748691099052363 -3172.244200567561
 7.450543564328118 17.754017542775482 -6.842838169911592 1.556035638072824 0.0044285716253935625 0.06763114147455321 -3172.246708091649
 7.460354109748992 17.635895048594207 -6.849914747124613 1.5522812460963662 0.00443692846671342 0.06776275232964833 -3152.0569253349477
 7.469085462541867 17.537743204750168 -6.855994675013266 1.548721757781245 0.004444146213782828 0.0678720479111216 -3152.058863987569
 7.476733792846833 17.445705425207382 -6.8611584731627335 1.5448983024562033 0.004450301815477638 0.0679642337950509 -3136.415977354128
 7.4832957458534395 17.371911782618046 -6.865477123436079 1.5413198968276158 0.004455461007614118 0.06803259155753712 -3136.4176705402897
 7.488768443272222 17.306231019194012 -6.86900406801628 1.5373564815982756 0.004459679013451274 0.0680824614847354 -3125.236810681235
 7.49314948459722 17.257228799147786 -6.871767173840525 1.5338555988171159 0.004463000906930304 0.06811270808007838 -3125.2370756553623
 7.496436948158912 17.217200831420914 -6.873805538923479 1.5306233976224877 0.0044654620887568525 0.0681312191260054 -3118.8611282978645
 7.49862939196713 17.19172263840689 -6.8751747209906595 1.5263523656421405 0.004467088605391196 0.06813987611417711 -3118.8632096404294
 7.499725854343557 17.18092509725595 -6.875862876154321 1.5224997234248527 0.0044678976169778535 0.06814219761452889 -3113.047401234932
 7.502740194157274 17.157602541655002 -6.877602440536493 1.5303954910951576 0.004470139882161078 0.06814497937366502 -3113.134523390245
 7.507120274647511 17.101089125903684 -6.880081494295937 1.5394905256828446 0.004473368687117795 0.06815822253604652 -3113.1301944018674
 7.513680788509387 17.02843010991572 -6.883816471628926 1.547287628089558 0.004478124211226149 0.0681669912783299 -3099.431389209712
 7.5224102263723065 16.92076143755926 -6.88860156017503 1.5544151947348295 0.0044843054720987395 0.06818158913739657 -3099.4420173486646
 7.533293273835977 16.80269096836094 -6.8942773881026485 1.5614055345315563 0.004491784299393035 0.0681852971485252 -3077.6236788105402
 7.546310838337064 16.641556721592256 -6.900713215502264 1.56916393559919 0.004500410616502745 0.06820002283551316 -3077.6308447199426
 7.561440082644032 16.4763313543761 -6.90773524535041 1.5763176830982055 0.004510018275873184 0.06819956042065198 -3047.477464875327
 7.578654464921417 16.264317749419398 -6.915172691338826 1.5836435188474136 0.004520431614461509 0.06821358231538062 -3047.486488418962
 7.597923785293217 16.05320158859248 -6.922853299275925 1.5904120311011816 0.004531472183062327 0.06821009625541792 -3009.5606986187386
 7.619214238823742 15.792450892886412 -6.930647056032079 1.5977505136521681 0.004542965046824452 0.06822346084221492 -3009.567454313794
 7.642488474822953 15.536515458146475 -6.9384298393242 1.6044693949681867 0.0045547452219963465 0.06821816106736577 -2964.457310308502
 7.667705662372269 15.23009748244237 -6.946159484241962 1.6113774764881426 0.004566662212543061 0.06823079027864734 -2964.460172666009
 7.694821561955871 14.931079089068199 -6.9538032863024455 1.6178974603301826 0.004578585164806096 0.06822453466022761 -2912.885421514098
 7.723788603071846 14.582809497671354 -6.961428754255462 1.62442276386113 0.004590404988708177 0.06823626386914333 -2912.8818662803865
 7.754555967687008 14.243123041130707 -6.969106410466052 1.6308233290248992 0.004602037977009168 0.06822975958032822 -2855.6701065032526
 7.787069679389003 13.857742268105447 -6.97700214886089 1.6368002880386396 0.0046134265319269264 0.06824033408211186 -2855.657848751722
 7.82127269807927 13.480645160355913 -6.985236288120745 1.6429605337262856 0.0046245423337092076 0.06823417904376798 -2793.7469590517712
 7.857105020040764 13.063834772786098 -6.994004277629879 1.6484421377027334 0.004635387489889874 0.068243310339161 -2793.7247727775116
 7.8945037832048595 12.653458986231358 -7.0033505832145595 1.6543029572176866 0.004645999600089736 0.06823802335870802 -2728.1600565456083
 7.933403377432782 12.211554541398494 -7.013322159229851 1.6592862390536611 0.004656453312718535 0.06824547862782943 -2728.1300394268605
 7.973735559618085 11.772681574880707 -7.023758977047587 1.6646969756193009 0.004666869347615869 0.06824140212754512 -2660.040930127124
 8.015429573408246 11.311720926235052 -7.0341576143226545 1.6692425306137064 0.004677413411696639 0.06824714271073211 -2660.011851843798
 8.058412273335357 10.849066645200466 -7.044202045331352 1.6740477854217366 0.004688305264699342 0.0682443165280305 -2590.5335239505184
 8.102608253138127 10.372878812674054 -7.0520813576619386 1.6781382413030241 0.004699814634308408 0.06824864495329902 -2590.5239717502427
 8.147939978050086 9.889728793707473 -7.0578055783157945 1.6821187650044007 0.00471224875964145 0.06824665771167304 -2520.623696014884
 8.194327920821916 9.397150152254582 -7.057139961880952 1.6856567363911852 0.004725963170385458 0.06825031617124638 -2520.6617296954446
 8.241690701239264 8.89349009145458 -7.051513064695732 1.6885848793492713 0.0047412740158821656 0.06824825760495101 -2450.84627139633
 8.289945228891302 8.375575540248855 -7.033155005148102 1.6913058413214717 0.004758538122925639 0.06825235448355188 -2450.960904971193
 8.339006848939523 7.846389638321943 -7.006412883603552 1.692992711449508 0.004777901681067754 0.06824900324647437 -2380.894996153155
 8.388789490631117 7.28548653315725 -6.959874329719592 1.6944709342742112 0.0047995379797271176 0.06825463337846137 -2381.095536437712
 8.4392058182963 6.7204797600109965 -6.901801402429806 1.6949004536590175 0.004823146947192684 0.06824902377717103 -2309.258770037644
 8.490167384564764 6.093827938032097 -6.819775011690704 1.694612614355333 0.004848414942915703 0.06825650353114578 -2309.502707615908
 8.541584785532415 5.48018503515539 -6.724733899713183 1.6940890447402925 0.004874293982019041 0.06824889404106267 -2233.1439007961962
 8.59336781760621 4.77066940391703 -6.610686460028842 1.6916413944440611 0.004899589024712872 0.0682567216832503 -2233.30449525596
 8.645425635751895 4.100313167127095 -6.485636218466862 1.6909116365360362 0.004922352490706493 0.06824973275073834 -2149.0765438072503
 8.697666912867081 3.3151986844981844 -6.36320082411219 1.6864190481243018 0.004940159432863301 0.06825367066848607 -2148.93737326768
 8.75 2.5968739039353967 -6.237122740606621 1.6866361116792534 0.004950458416529154 0.06825304135161732 -2054.594660957127
 8.802333087132919 1.7905913808576923 -6.1569245533717645 1.6811744826338284 0.004949610255956544 0.06824596213920345 -2053.909226674895
 8.854574364248105 1.0640206620792863 -6.086590186164133 1.6835931820084 0.004935532446500344 0.068260193385808 -1951.1099860290913
 8.906632182393789 0.35319435409480215 -6.122558726466933 1.67942543417707 0.004904180344079949 0.068233320705639 -1949.7440343108983
 8.958415214467585 -0.30288545528697464 -6.185957010955501 1.684796132521897 0.004855789706419966 0.06827165652491654 -1847.1671343215148
 9.009832615435236 -0.7508467745399072 -6.413156249031594 1.684966250600168 0.0047876413131016414 0.06821747480790064 -1845.273872286787
 9.0607941817037 -1.2290312485245063 -6.683028213888028 1.6928074078958157 0.004704043691809905 0.06828618636394486 -1760.2222151597653
 9.111210509368883 -1.2479094186102808 -7.138056252014254 1.6999089700742545 0.004605528687766612 0.06820271543725542 -1758.3253481034671
 9.160993151060477 -1.4466182886840617 -7.639410456207679 1.7080831701154127 0.004500513716792995 0.06830029594250717 -1714.670220105203
 9.210054771108698 -0.9529669525053809 -8.281240031753814 1.7226410663931018 0.00439351654001872 0.06819564341942826 -1713.537232582751
 9.258309298760736 -0.820845988218325 -8.954255415484239 1.7277183427262788 0.004294585768452008 0.06830844941472519 -1735.1392493115895
 9.305672079178084 0.11875658377571063 -9.651610974564365 1.747128977131688 0.004211071672243173 0.06820337715073822 -1735.463448617952
 9.352060021949914 0.5565064021814169 -10.344707848272039 1.7455891512460107 0.004151151862469808 0.06830467863953926 -1836.6301310193967
 9.397391746861873 1.7190506489454145 -10.898949442948714 1.7642943944207503 0.004122780480164468 0.06823001738632183 -1838.7005079565017
 9.441587726664643 2.364937686475349 -11.395115551011687 1.7539382763940257 0.004130112376157375 0.06828580304844045 -2014.9423051750962
 9.484570426591754 3.429553354953529 -11.582220825125438 1.764735498869599 0.004179632232971628 0.06827290824135336 -2018.4781006511853
 9.526264440381915 4.132292272569808 -11.64285748219668 1.745516053150451 0.004271275635297855 0.0682546723540676 -2240.7659166139815
 9.566596622567218 4.767044245656252 -11.258472234990604 1.7416092297402788 0.004408509784853381 0.06832132001138075 -2244.951151992792
 9.605496216795139 5.332350395996386 -10.676414063474882 1.7155530163993995 0.004587528883295902 0.06822081591237006 -2460.2069744102514
 9.642894979959236 5.273980502790548 -9.583113090821566 1.693074134453055 0.004807353939877068 0.06835926074752355 -2463.9376058406015
 9.67872730192073 5.470049445776088 -8.240367040858585 1.6634630206925256 0.005060047164289682 0.0681970475840207 -2604.4345085048803
 9.712930320610997 4.578509817653768 -6.41100881341222 1.6237088036155587 0.005338103743867215 0.06837207938339718 -2606.787672596218
 9.745444032312992 4.16308880444442 -4.319513778506751 1.5941004319513477 0.005627136658989778 0.06819279527762517 -2608.881235293607
 9.776211396928154 2.43927480382656 -1.8576713292076887 1.5440315147904577 0.005909469739128515 0.06835371590471956 -2609.5406411853146
 9.805178438044129 1.2248251382862378 0.8364465488265237 1.5177311506285285 0.006159826409428401 0.06820751019536271 -2436.42961550157
 9.832294337627731 -1.2021187325131064 3.7038091069372565 1.4680843266973391 0.006345777132157081 0.06830992643649858 -2435.727043835434
 9.857511525177049 -3.258501904976266 6.732956399673009 1.4481361331419345 0.006428254644037958 0.06822876734486957 -2094.8882845823146
 9.88078576117626 -6.138484055562326 9.668154839332622 1.4101230916329612 0.006362487374410788 0.06825468313383386 -2093.5875219781333
 9.902076214706783 -8.83668738283984 12.636848231478725 1.3993127897554336 0.006108281895938592 0.06823810199340682 -1640.8661248790722
 9.921345535078583 -11.776547626455683 15.205010205814558 1.3810287576095241 0.005636226722384804 0.06820182063550526 -1639.9398586963468
 9.938559917355967 -14.61348119076074 17.61415779968591 1.381088706948815 0.004947870611470642 0.06822340242491354 -1165.0940301293006
 9.953689161662936 -17.10193271437312 19.397168007018028 1.3842409570665084 0.004079095769037916 0.06815942805256098 -1165.2094594145963
 9.966706726164023 -19.41301561402698 20.860629769214295 1.3943023262464889 0.003111419548278222 0.06818979495562988 -759.7289076655776
 9.977589773627695 -21.03353609249491 21.728045078381367 1.4135618358960775 0.002150058510037253 0.06813118433788937 -760.51720700037
 9.986319211490613 -22.394142402481787 22.28606294164612 1.430193965388983 0.0013071737689004269 0.068154776423561 -483.70779900344127
 9.992879725352488 -23.120810792043056 22.51287767696732 1.4576636889479038 0.0006619452133262196 0.06811651588822348 -484.19409495119544
 9.997259805842727 -23.628404567026422 22.59349333035831 1.508315089251137 0.000245985485163617 0.06812709442142989 -350.66304933632244
 9.999451768811786 -23.797242998397028 22.603012354495533 1.5557158275080543 0.000048263869912595444 0.06811309062513454 -350.7096793027963
