 0.0005482311882135312 81.61403002121313 -0.0007122956016492385 21.38796864330413 1.3207854525839222E-34 2.9686601066900664E-33 -3330.4061245680646
 0.00274019415727332 81.61440233423858 -0.0035294535969723944 1.5203473972591488 6.590291528450073E-34 1.5460624342633468E-32 -3330.4044184056675
 0.007120274647511144 81.61571651120742 -0.009026582486405444 1.5214820178262563 1.7047489273365142E-33 4.405933977860441E-32 -3330.8676681890634
 0.013680788509385776 81.6226973332779 -0.016774701202296398 1.5203687075764312 3.252263730307039E-33 9.780275091266906E-32 -3330.8246703864424
 0.022410226372305896 81.63246531425519 -0.02664543923569594 1.520337217217254 5.271480906375532E-33 1.9368131504470453E-31 -3333.279230891295
 0.03329327383597702 81.66332491362137 -0.03786556373809577 1.5204687622004966 7.732307800160941E-33 3.660342149045568E-31 -3333.090853068902
 0.04631083833706351 81.69571098149594 -0.05029948431361706 1.5200707432388274 1.0585091530284535E-32 6.863020699863353E-31 -3340.5453757635732
 0.0614400826440323 81.77727107243481 -0.06368590987461668 1.5206927777604686 1.3791463961135472E-32 1.2958225815679476E-30 -3340.087158853462
 0.0786544649214172 81.85315523634634 -0.07677197756653784 1.5202519357576771 1.7270174923184917E-32 2.522824044488079E-30 -3356.749197213767
 0.0979237852932173 82.01680245243014 -0.09133870695468026 1.521053850807901 2.093245108305877E-32 5.049787662580226E-30 -3355.9599677638075
 0.11921423882374141 82.16212719379627 -0.10331573570908985 1.5206781642693734 2.4715097864456825E-32 1.0557111561913812E-29 -3386.5210623447874
 0.14248847482295224 82.43535493503111 -0.11801830537705925 1.5215401598877145 2.850376317693109E-32 2.2820387235320695E-29 -3385.4797401442597
 0.1677056623722686 82.67642879992384 -0.12742501163735645 1.5212420656764234 3.1904233234989804E-32 5.153343247167074E-29 -3433.9695100710537
 0.1948215619558712 83.07333119163127 -0.14090423446864775 1.5221072378436586 4.132925290033484E-32 1.2017028738994648E-28 -3432.902281160012
 0.22378860307184567 83.42888135147611 -0.14696520009427577 1.5218629316322168 -2.0619487467095844E-32 2.914061145639567E-28 -3501.43467543674
 0.254555967687008 83.94439000532802 -0.15783248698589297 1.5226868265237021 5.184483039668915E-31 7.276767217382613E-28 -3500.627642713319
 0.2870696793890023 84.41776045067068 -0.16078466987344653 1.522474096064005 -3.0170655543798243E-30 1.8772531158336262E-27 -3588.625934670014
 0.32127269807926995 85.02919219533247 -0.16821600798161224 1.5232132198369155 1.6743956695598638E-29 4.986834114095378E-27 -3588.295358400588
 0.3571050200407644 85.60588632761991 -0.16917847354550697 1.523031108948312 -7.96775032844985E-29 1.354550312541957E-26 -3692.6512179126553
 0.39450378320486024 86.28068991008044 -0.17327360478839846 1.523650546339353 3.415057412569367E-28 3.812336795618849E-26 -3692.8593956618784
 0.43340337743278257 86.93306335134506 -0.17378201038792182 1.5235174209613158 -1.3336658132551478E-27 1.0799269208242976E-25 -3808.92655167445
 0.47373555961808467 87.63804095492841 -0.1754645702985942 1.5240045894233125 4.817489288749652E-27 3.206347749163344E-25 -3809.586565097947
 0.5154295734082459 88.33381437836958 -0.1770577267262274 1.523944221739881 -1.6256602578732127E-26 9.418284503255339E-25 -3932.439458240698
 0.5584122733353573 89.04156978496009 -0.17770520721677918 1.5243171869476053 5.171003418673256E-26 2.9272628701525093E-24 -3933.3826462400634
 0.602608253138127 89.75134490459632 -0.18175770625405532 1.524347853655455 -1.5610660653101084E-25 8.903887896314697E-24 -4058.782032248077
 0.6479399780500863 90.4426268007206 -0.18284454799306013 1.5246524539262503 4.499847369155055E-25 2.8674288174840506E-23 -4059.83405131103
 0.694327920821916 91.14385624561481 -0.1906007955414106 1.5247859647837048 -1.2444843841008513E-24 9.027697251554422E-23 -4184.675329907866
 0.7416907012392653 91.80683240331082 -0.19350390419674046 1.5250844451020111 3.316162909485736E-24 2.983808139325613E-22 -4185.704291714221
 0.7899452288913011 92.48442886298643 -0.20620093658855465 1.5253321714619932 -8.542914207953114E-24 9.69625080543606E-22 -4308.025890991899
 0.8390068489395233 93.11262246960429 -0.2121713678836609 1.5256904317574165 2.134114730620987E-23 3.2657340776716604E-21 -4308.955959839539
 0.8887894906311168 93.75764045921042 -0.2311724949930111 1.5260701387040525 -5.181399553252892E-23 1.0890740209545675E-20 -4427.702777783974
 0.939205818296299 94.34783442853325 -0.24141133376970134 1.5265492022026388 1.2254027110953843E-22 3.7177015828052404E-20 -4428.504719008477
 0.9901673845647623 94.95558732816237 -0.26831663206956335 1.527088695309549 -2.826288133340136E-22 1.262779675584782E-19 -4543.221466080287
 1.0415847855324147 95.5062976102179 -0.284092388697598 1.5277418758323904 6.369500678156149E-22 4.347128550055304E-19 -4543.894903537882
 1.0933678176062092 96.07470575619837 -0.32081588929423177 1.5284786977253493 -1.4023631062124169E-21 1.4919432463624341E-18 -4654.4548855917865
 1.1454256357518955 96.58529973742212 -0.3435838369560845 1.5293527552086164 3.0235805377672862E-21 5.151190867510406E-18 -4655.012236756474
 1.197666912867081 97.11374251917087 -0.3923941054578412 1.5303308763465353 -6.367672239261829E-21 1.772299333315863E-17 -4761.422681394289
 1.25 97.58402865031533 -0.42389806477344144 1.531468378578184 1.3161821086039577E-20 6.100071826677483E-17 -4761.878596709467
 1.302333087132919 98.0726649666043 -0.48741662491783755 1.5327329574971973 -2.6485401576780883E-20 2.0881265268552717E-16 -4864.16217806036
 1.354574364248104 98.50273151912629 -0.5297626482241413 1.5341734773544997 5.2568891704154144E-20 7.118281126524528E-16 -4864.528186122076
 1.4066321823937904 98.9521357090459 -0.6109089770553621 1.5357642231337463 -1.0045355064636756E-19 2.4067050377394987E-15 -4962.6613012596845
 1.458415214467585 99.34226663290094 -0.6665999651364493 1.537542883837757 1.925417160206792E-19 8.071541454795724E-15 -4962.943756365444
 1.5098326154352377 99.75322314393624 -0.7684659348779349 1.5394860911712955 -3.4269263028055666E-19 2.676507893061587E-14 -5056.828114119156
 1.560794181703701 100.1037930874693 -0.8403804293073803 1.5416287260198178 6.508023152976226E-19 8.772207051598743E-14 -5057.02761862154
 1.611210509368883 100.47713407098342 -0.96601301183881 1.5439279874832843 -1.0100145273150985E-18 2.833505339816849E-13 -5146.475310836768
 1.6609931510604765 100.78844839019854 -1.0573032125431163 1.5464426804625406 2.1129755899126995E-18 9.015937831393943E-13 -5146.586584605177
 1.7100547711086986 101.12486487643007 -1.2093737031846308 1.5490686265320264 -2.167144829289265E-18 2.818192684932537E-12 -5231.305041627703
 1.758309298760735 101.39695897446713 -1.323248806987453 1.5519337901755268 7.559309025119657E-18 8.650105099393079E-12 -5231.317170068624
 1.805672079178084 101.69675729923463 -1.5035931069805812 1.5548138667805533 1.138512470535848E-18 2.5999935582392723E-11 -5310.887438646603
 1.8520600219499133 101.92921162138558 -1.642946192420625 1.5579635399793401 3.700919559213193E-17 7.650573486313481E-11 -5310.7853213397875
 1.8973917468618728 102.19203111356698 -1.851981110737397 1.5609736949149209 6.154315250770192E-17 2.1977846715130838E-10 -5384.635676426409
 1.9415877266646429 102.38390098721888 -2.0188172183331736 1.5642817244704428 2.454449710044521E-16 6.162753356117327E-10 -5384.404098464342
 1.984570426591754 102.60847372253971 -2.2548843216540244 1.5672428002125554 5.995078520736875E-16 1.6820903196690902E-9 -5451.792876675931
 2.026264440381915 102.75846849966373 -2.4495325286078216 1.5705094145362595 1.7513066013557143E-15 4.468728885887912E-9 -5451.424367510488
 2.066596622567217 102.94259372472926 -2.708303439871432 1.5731917350986646 4.4724449402631384E-15 1.1522978406823606E-8 -5511.460859022654
 2.1054962167951397 103.04963072799929 -2.9284827099476853 1.5761389557305518 1.157509100473214E-14 2.883939661944632E-8 -5510.966496174253
 2.1428949799592356 103.19061691677382 -3.2026620053369594 1.5782784652185478 2.822006575639474E-14 6.986490564386423E-8 -5562.709358333575
 2.17872730192073 103.25476417696814 -3.4426512979027257 1.5805637434896274 6.697578307532394E-14 1.6381574295815097E-7 -5562.127730047063
 2.2129303206109974 103.35054412547423 -3.722261985424769 1.5818916403282481 1.5187586554164716E-13 3.708143851606044E-7 -5604.788233083471
 2.245444032312992 103.3741278307638 -3.9726455657819235 1.5831477662192435 3.3139358601653393E-13 8.101158310458207E-7 -5604.184455518162
 2.2762113969281543 103.42493232746 -4.246058678968489 1.5834335410518003 6.917313484031214E-13 0.0000017043281204280304 -5637.407277810343
 2.3051784380441287 103.41333022476175 -4.494546861389777 1.5833306211988616 1.3826615382480281E-12 0.0000034503022908713113 -5636.856749128077
 2.332294337627731 103.4232652093752 -4.750078231941838 1.5824356920703837 2.6401342392536488E-12 0.000006710131330663019 -5660.967706259533
 2.3575115251770478 103.38489083710505 -4.983462165337878 1.580739784228554 4.813806099969933E-12 0.000012514714144640092 -5660.530339269013
 2.3807857611762584 103.36246093580137 -5.210994098521559 1.5786647197290575 8.370348591105295E-12 0.000022362213504298754 -5676.602397748116
 2.4020762147067827 103.3078174888021 -5.417515918447992 1.5752665300230195 1.3870171621697082E-11 0.00003814744444847419 -5676.30318288318
 2.421345535078583 103.2648943934544 -5.609539147836236 1.5721295829295308 2.188166347054233E-11 0.00006211350232936088 -5685.973565870637
 2.4385599173559678 103.20508569848144 -5.7805708400600135 1.5670759807903039 3.283302363952201E-11 0.00009598734097531207 -5685.801250445296
 2.453689161662936 103.15478332277756 -5.932374281035629 1.5629664182754812 4.679762066628955E-11 0.00014088482335965167 -5690.924759604838
 2.466706726164023 103.10005390644174 -6.0627592025208825 1.556558098911077 6.327379765746422E-11 0.0001951897569475745 -5690.845639894681
 2.4775897736276944 103.05450458758091 -6.171734091735431 1.551176716887031 8.10684192604432E-11 0.0002557674307972467 -5693.143914230023
 2.4863192114906143 103.01337528057242 -6.258388163886395 1.544249935007123 9.841823501988888E-11 0.00031584823456958124 -5693.110010656179
 2.4928797253524886 102.98172351559852 -6.322159391004813 1.5388945138834378 1.133692810168875E-10 0.0003689392659152871 -5694.025976114315
 2.4972598058427264 102.95851776843732 -6.363271554980874 1.530776302665036 1.2424322858263315E-10 0.00040800861254438014 -5694.055118226446
 2.4994517688117863 102.95012638634192 -6.383083503576968 1.5234441349009198 1.299339382656379E-10 0.00042808472305706313 -5692.260241794847
 2.5013706080328704 102.94372810911582 -6.4017718491314906 1.525032291968337 1.353701426397997E-10 0.00044613088604338454 -5694.329555841122
 2.5035630518410876 102.93203909796294 -6.423636436061275 1.5291179841730682 1.419403109408247E-10 0.0004680670259559326 -5694.320916656537
 2.50685051540278 102.91453460956103 -6.456409395132592 1.5327020253556318 1.5236268838642107E-10 0.0005017214429329604 -5694.310409765273
 2.511231556727778 102.89124912371098 -6.5000319656697085 1.5363326300081157 1.6738648983441577E-10 0.0005476406768167865 -5694.31654715911
 2.516704254146561 102.8615093361329 -6.554396412750193 1.5397733566463963 1.8813537968953384E-10 0.0006068034272737011 -5694.453842204311
 2.523266207153167 102.82410441631548 -6.6194581650907125 1.543838714988378 2.1623668119104303E-10 0.0006794557213823499 -5694.458095437046
 2.530914537458133 102.77980319244098 -6.694938750189701 1.5474158827170315 2.5401504632032157E-10 0.0007666786622676818 -5694.11228867107
 2.539645890251008 102.72580430772575 -6.780881430105907 1.551757723486281 3.047791727356537E-10 0.0008679972175534875 -5694.127045474117
 2.549456435671882 102.66456478135493 -6.876560645425538 1.555557589964868 3.732455104339011E-10 0.0009848816419280035 -5692.879616403578
 2.5603418704912926 102.59048006448604 -6.982413860287942 1.5601987198182075 4.661621972265389E-10 0.0011160501987039534 -5692.906374137702
 2.572297419997761 102.50911572144878 -7.096740004996744 1.5643539076629887 5.932349105417587E-10 0.0012634000814268098 -5690.1751591696175
 2.5853178400921384 102.41089456030367 -7.2209670105195976 1.569251031611402 7.684854761232506E-10 0.0014249554824899862 -5690.218663249268
 2.5993974195878433 102.3056933725707 -7.351517806148433 1.5738616194684751 1.0122855078872023E-9 0.001602941706044736 -5685.364065996335
 2.6145299827159736 102.17891099772149 -7.4918261738398 1.578974016843146 1.3542973718854486E-9 0.0017949852535558946 -5685.426229841049
 2.6307088918342068 102.04574838113781 -7.635121005171656 1.5840949156113509 1.8379329690936676E-9 0.002003354653865943 -5677.792934912139
 2.647927050338284 101.88597938815907 -7.788296284641687 1.589385218354769 2.5265666493874356E-9 0.002225697953290188 -5677.8729758056
 2.6661769057748215 101.72056605579627 -7.939718763494228 1.5950128550473095 3.5131759847398466E-9 0.0024639352858373317 -5666.866057510993
 2.68545045315406 101.52379716982718 -8.101524507064296 1.6004487085669248 4.9327827179369984E-9 0.00271619336096822 -5666.959451559694
 2.705739238461123 101.3219923164793 -8.255429505453446 1.6065190191695446 6.982745543201799E-9 0.002983638462331816 -5652.12754419776
 2.7270343623642246 101.0850189405864 -8.42063707056959 1.6120666191111848 9.94536933308784E-9 0.003265283310889548 -5652.226469912074
 2.7493264841182095 100.84318444974893 -8.570675901179616 1.6184616312723978 1.4229126836796605E-8 0.0035612080675502425 -5633.339356202658
 2.7726058256617154 100.56388393711099 -8.733273920467722 1.6240771493355928 2.0403318993574517E-8 0.0038716004699831438 -5633.43425043488
 2.796862175906152 100.27920346559182 -8.872908145215082 1.6306384187040857 2.9278953090534573E-8 0.004195253854267488 -5610.533914284558
 2.822084895214622 99.95660532502194 -9.02649984885695 1.63626140623031 4.194590469964694E-8 0.004533665039258747 -5610.615826907719
 2.8482629200688185 99.62728180209875 -9.14960833746835 1.6428076771423308 5.992795425748204E-8 0.004884294260125295 -5584.024506379181
 2.875384767921848 99.26141374779412 -9.287943334748636 1.6483592379864935 8.518230514702256E-8 0.005249923573715141 -5584.087370974033
 2.9034385422348565 98.88668417573707 -9.389393552474177 1.65470533659304 1.2039397889328403E-7 0.0056267788619985565 -5554.367539101237
 2.9324119376952456 98.478245108679 -9.506930565656473 1.6600916720420336 1.688383726780223E-7 0.006018769682244221 -5554.409511727412
 2.9622922456141856 98.0582097709356 -9.58300004247212 1.6660657825707579 2.3493612873903394E-7 0.006421099270857284 -5522.285060273269
 2.9930663595010705 97.60817048626683 -9.675386011807992 1.6711858312613646 3.2378997709164445E-7 0.006838553293186681 -5522.308503844713
 3.024720780812455 97.1434949099548 -9.723972479017947 1.6766430324492467 4.4220690531935E-7 0.007265593834350447 -5488.566826570776
 3.0572416248729635 96.6527359758928 -9.78835480665994 1.6813979630670466 5.976147409628276E-7 0.007707583084767298 -5488.577085380069
 3.090614626965568 96.1443185708711 -9.808975046358649 1.686228960247875 7.99858910504239E-7 0.008158549244459688 -5453.97426226091
 3.1248251485885614 95.61338666922158 -9.844116836718722 1.690531301560485 0.000001059116347167543 0.008624125219891808 -5453.977774293643
 3.1598581838764925 95.06208168462352 -9.837739226264905 1.694666305507452 0.000001388845350145777 0.009098200746214341 -5419.164225757208
 3.1956983661822314 94.49109969464934 -9.84395569692559 1.6984471566374584 0.000001802297447270934 0.00958640046743065 -5419.1666298871605
 3.232329974817289 93.89755342003372 -9.812729662397414 1.701855566153415 0.00000231697387471067 0.010082731839658753 -5384.642074551405
 3.2697369419474325 93.28627556351377 -9.79169185341907 1.7050691507407387 0.00000294945079754839 0.0105925810188226 -5384.646832292886
 3.307902859640566 92.65089234332163 -9.738633560777078 1.7077560294237577 0.0000037215073112616042 0.01111027393848678 -5350.7450358813285
 3.3468109870637957 91.9988659524607 -9.693092180164825 1.7103815199764265 0.000004653274425280763 0.0116407877569516 -5350.7528304783755
 3.386444257826506 91.32188568889504 -9.621770678885031 1.7123819076377758 0.000005770808996518083 0.012178906229575178 -5317.650827691205
 3.4267852874662497 90.62866869880732 -9.55524610636669 1.7144228457558341 0.000007098064580774318 0.01272908836020425 -5317.6597446911865
 3.4678163810741434 89.9103170258595 -9.469497408331497 1.7157948459479269 0.000008665107682903658 0.01328665586110665 -5285.403508026559
 3.5095195410564397 89.1757021305762 -9.385970244930435 1.7172766617840403 0.000010500048279536784 0.013855496387079684 -5285.409811494436
 3.5518764750288687 88.41636880048777 -9.289653633880292 1.7180941008490547 0.000012636403582738615 0.014431498516248868 -5253.948145608075
 3.59486860384028 87.64057596940874 -9.19327927030782 1.7190602808254374 0.000015106822358085123 0.015017971344969183 -5253.947367689537
 3.6384770697220743 86.84098242929804 -9.090081636131059 1.719405587248584 0.000017947419876359148 0.015611359381964455 -5223.167150611087
 3.6826827445598416 86.02479595334606 -8.98494402443966 1.7199130255207455 0.000021195750015226506 0.01621441966578373 -5223.15520384152
 3.7274662382835873 85.18612462644766 -8.878233148713143 1.7198708365893136 0.000024889407277401693 0.01682411449317467 -5192.9130933510905
 3.772807907372856 84.33096514476199 -8.76814695020244 1.7199848686025367 0.00002907110410423841 0.017442696466466328 -5192.887172832768
 3.818687863473029 83.45493616996336 -8.660871842752389 1.7196367249928237 0.00003377859231673509 0.018067592420155387 -5163.03493335905
 3.8650859821190133 82.56286981264701 -8.549237352243614 1.7194262872941024 0.00003905977806724925 0.018700607950649584 -5162.994070336567
 3.9119819115624996 81.65176283011367 -8.443871752897048 1.718846620735703 0.00004495114082664727 0.019339576268606995 -5133.396407497814
 3.9593550816989085 80.7254575843778 -8.333582714022874 1.7183799051944928 0.000051505508817685457 0.019985914303305725 -5133.341637428566
 4.007184713090121 79.78208485780496 -8.23210618605553 1.717633367594202 0.00005875666815484202 0.02063780597138032 -5103.886709297382
 4.055449826079023 78.82472838848159 -8.125506654689012 1.7169742384761015 0.00006676174001574892 0.021296332941026137 -5103.820902346609
 4.1041292499918836 77.85237058685816 -8.029416286847097 1.7161142798931226 0.00007555052678375157 0.021959980861701957 -5074.424492513037
 4.153201632424501 76.86756455546309 -7.92829935920914 1.7153196059301696 0.00008518345474367643 0.022629542004114277 -5074.351948187184
 4.202645448608086 75.8698822104702 -7.8386441849906365 1.7143881019552838 0.00009568529493024635 0.023303762524952656 -5044.956692033953
 4.252439010850726 74.86152655744408 -7.744283107095233 1.7135060373189872 0.00010711848117074531 0.02398318400879417 -5044.882618810789
 4.302560478050328 73.84245940738327 -7.661713154561772 1.7125337058040067 0.00011950203919329577 0.024666777927575552 -5015.453761689582
 4.35298786527485 72.81463711618375 -7.574914351847765 1.7116028504228993 0.00013289889385098192 0.025354869613173982 -5015.383752351296
 4.403699053405612 71.77830125117028 -7.499736806232294 1.7106101849489064 0.00014732200974817974 0.026046622818330485 -4985.902786191704
 4.454671798839481 70.73517071558265 -7.420904716717578 1.7096594789072694 0.0001628331855894275 0.026742181484209995 -4985.842370626899
 4.505883743245645 69.68576056057809 -7.353140876070491 1.7086579538658357 0.00017943944640515344 0.027440865391582102 -4956.299636266796
 4.557312423372716 68.63145949513199 -7.282345865317429 1.707707118425072 0.00019719987744696218 0.028142678281654548 -4956.2539572381975
 4.608935280901857 67.57315886474052 -7.221784134201142 1.7067004739657583 0.00021611614323512125 0.02884705019818953 -4926.640988846345
 4.660729672341605 66.51172111046097 -7.158826780995791 1.7057608012020284 0.00023624318884850307 0.029553898797915826 -4926.614611737911
 4.712672878960053 65.44862520774275 -7.10506858778003 1.7047462801328817 0.00025757836513300094 0.03026270229054686 -4896.91669151573
 4.764742116750039 64.38390991875097 -7.049535801602043 1.7038215870201894 0.00028017133624772683 0.030973366310132918 -4896.913531494779
 4.816914546422964 63.31995834541997 -7.002032812911593 1.7027910574547231 0.0003040166648751544 0.03168533159764326 -4867.102651556179
 4.869167283426858 62.25558985896618 -6.953343229811926 1.701878649337447 0.0003291580027569353 0.03239859321132598 -4867.12598206152
 4.9214774079843036 61.19450941062552 -6.911425465171726 1.7008195990725017 0.00035558915141760216 0.033112437545330546 -4837.154194632875
 4.973821975145803 60.133825507630554 -6.868863204590898 1.699911124560263 0.0003833475625193553 0.03382708598429029 -4837.206688072673
 5.078522592015696 58.02508685133958 -6.7944958659359065 1.6978896756056434 0.0004428647988928186 0.03525635054730066 -4807.083418319224
 5.130832716573141 56.979835240599925 -6.761343237531885 1.6967229479965686 0.0004746560451141671 0.035970054344143326 -4776.534043909845
 5.183085453577036 55.93516338720037 -6.7284530933636235 1.6957778032464446 0.0005078301755138461 0.036683897902893295 -4776.6504613813695
 5.235257883249961 54.90221390962575 -6.698310295440203 1.6945275387099814 0.0005423968500757664 0.03739555749992958 -4745.6120866886085
 5.287327121039947 53.869084708101916 -6.668773898810144 1.6935330325002844 0.0005783822350278804 0.03810724981881358 -4745.761714959912
 5.3392703276583955 52.85085638017916 -6.6406268520829395 1.6921781596427286 0.0006158099785893791 0.03881553358712959 -4714.041235192528
 5.391064719098143 51.831048725711405 -6.613339578231406 1.6911082183803916 0.0006547093448641976 0.03952394393618587 -4714.223282897726
 5.442687576627284 50.82953167172215 -6.586117939811082 1.6896283234356044 0.0006951241421010984 0.040227510231534744 -4681.574164549077
 5.494116256754355 49.82436642502635 -6.559904279370546 1.688453355224894 0.0007370934498428153 0.04093153726944923 -4681.7858411603265
 5.545328201160519 48.841091302923736 -6.532513597719157 1.6868304829728296 0.000780688691802442 0.041629038142253424 -4647.901996967875
 5.596300946594388 47.85144435267763 -6.506163031032961 1.6855184064472621 0.000825967882419392 0.04232760669685181 -4648.137642305867
 5.64701213472515 46.88747447036285 -6.477545030402177 1.6837394433780952 0.0008730383976592746 0.0430176951793106 -4612.649727870593
 5.697439521949672 45.91384164011523 -6.449884002917056 1.6822577194330401 0.0009219881133841008 0.043709745051361666 -4612.899875278357
 5.747560989149274 44.96981074133301 -6.419116520835852 1.680317385007846 0.000972968125885224 0.044391087578380874 -4575.376448078074
 5.797354551391914 44.012451785668496 -6.389130036983543 1.6786364264837357 0.0010261067802146303 0.04507555217744504 -4575.627080351166
 5.846798367575499 43.088675665754835 -6.355572761182739 1.676540667721698 0.001081602992951823 0.04574684721170902 -4535.583796349247
 5.8958707500081164 42.14786003655604 -6.322580083277562 1.6746387207901359 0.001139631616221071 0.04642262199160997 -4535.816177653974
 5.944550173920977 41.24454504792643 -6.286059226986609 1.6724079392856344 0.001200434893834508 0.047082624583646045 -4492.736441592214
 5.992815286909879 40.320901914058254 -6.249929589443153 1.670276989730337 0.001264229457142065 0.0477485288667348 -4492.9279664939495
 6.040644918301091 39.43845211151765 -6.21093410047375 1.6679481065533452 0.0013312819144094363 0.04839607867790555 -4446.297743064193
 6.0880180884375 38.533389311580194 -6.17230237709365 1.6655996548004688 0.0014018286244141334 0.04905081872031984 -4446.424153117054
 6.134914017880986 37.67277631820138 -6.132140949125572 1.6632257274040736 0.001476122575159731 0.04968486647188786 -4395.781607187524
 6.181312136526971 36.788884749714285 -6.09255785295062 1.6606946454877722 0.0015543766123305859 0.05032701102163651 -4395.820625182924
 6.227192092627144 35.951999778367885 -6.053409413416034 1.658340842363766 0.0016367731310104915 0.05094663643977077 -4340.817824748717
 6.272533761716413 35.09331860416952 -6.015348445118671 1.6556853150328166 0.0017234394944186655 0.05157461686743239 -4340.753760402169
 6.317317255440159 34.28319238043764 -5.98014036126091 1.653420714341843 0.0018144190837259154 0.05217903112689946 -4281.223323040762
 6.361522930277926 33.45519907244633 -5.946796589883322 1.6507167697532552 0.0019096843056115348 0.05279117513776077 -4281.051636121347
 6.405131396159719 32.67597312908896 -5.918873322757008 1.64860266603389 0.002009075439174899 0.05337970316305642 -4217.067041759532
 6.44812352497113 31.885199907262443 -5.893733825571118 1.6459331160501218 0.002112352196512946 0.05397430370089888 -4216.797438603747
 6.49048045894356 31.141776608801518 -5.876335523631273 1.6440100133799547 0.002219113002207635 0.05454634608475989 -4148.713376256711
 6.532183618925856 30.3950470974756 -5.862573716856968 1.6414495255368724 0.0023288809787693123 0.05512175636761568 -4148.370039057049
 6.5732147125337494 29.692436202159946 -5.858218250368621 1.6397262203518759 0.0024410184629134503 0.05567673597034533 -4076.8302501557814
 6.613555742173494 28.99584607182284 -5.8580443480263895 1.637326110985816 0.0025548381458776193 0.05623147079090972 -4076.448451938733
 6.653189012936204 28.338340172596464 -5.867970477942724 1.6357745267776038 0.0026695249598828095 0.05676877391714354 -4002.3539719640016
 6.692097140359433 27.696227616693953 -5.882121793036725 1.633551768234897 0.0027842588823323434 0.05730159131143425 -4001.973543829436
 6.730263058052568 27.086630154186597 -5.905967902607055 1.6321099712712352 0.002898150259186626 0.05782051635883124 -3926.4132727693
 6.767670025182711 26.500832701020464 -5.933507504484687 1.6300440515584111 0.003010358831360034 0.05833045695292692 -3926.070701578309
 6.804301633817769 25.939975832403636 -5.969343137437602 1.6286272842002476 0.0031200421955766664 0.058830183187877916 -3850.226109629028
 6.8401418161235075 25.409603014483046 -6.007841903038357 1.6266659624191189 0.0032264570829552406 0.0593165574667965 -3849.94774774847
 6.875174851411439 24.896303855599815 -6.05255046244208 1.6251826222839008 0.0033289169084182234 0.05979614212914336 -3774.9904180006315
 6.909385373034432 24.418083761533353 -6.098591664581232 1.6232544207509734 0.003426866228736117 0.060258473310737685 -3774.788889170185
 6.9427583751270365 23.94953064497082 -6.148477567940915 1.621622182063105 0.0035198431761920388 0.06071687724280383 -3701.7905856751813
 6.975279219187545 23.51859145106408 -6.198313511518719 1.6196512982752655 0.0036075247734178462 0.06115482100264247 -3701.665121320447
 7.0069336404989295 23.09100575837404 -6.24974119735266 1.617808934412897 0.003689692250474178 0.06159095440644229 -3631.534890334876
 7.0377077543858135 22.70182828311574 -6.29990292186854 1.615728163332487 0.0037662510586421714 0.06200422031488982 -3631.4747786982075
 7.067588062304754 22.311182350732288 -6.349796682400642 1.6136407386646838 0.0038371994805479308 0.0624169950200145 -3564.928803164916
 7.096561457765143 21.958456328523425 -6.397513409053961 1.6113996830250057 0.0039026308329458167 0.06280528820668277 -3564.9181974024814
 7.124615232078153 21.60105973818356 -6.44363057137486 1.6090573458968405 0.003962706919219516 0.06319366325114213 -3502.479502436083
 7.1517370799311815 21.280271376411005 -6.487011284979577 1.6066254511110065 0.004017650540334696 0.0635566535781466 -3502.501844669659
 7.177915104785377 20.953128417737524 -6.527993342675444 1.6040378393464934 0.00406772504017316 0.06391966600501399 -3444.52138965971
 7.203137824093847 20.660833154802596 -6.566005384503639 1.601403447524445 0.004113223665491501 0.06425698191612202 -3444.562399276305
 7.227394174338285 20.36176814508102 -6.601270624203059 1.5985922580627534 0.004154455417544003 0.06459376128582314 -3391.2514727381877
 7.25067351588179 20.095600505031644 -6.633590674072383 1.5957594520276528 0.00419173533807039 0.06490499992601811 -3391.3004833580235
 7.272965637635775 19.823208292040157 -6.663147240648088 1.592751330936586 0.004225375890298037 0.06521477011541103 -3342.7657617094005
 7.294260761538877 19.581725666997382 -6.6899606889187115 1.5897360404873881 0.0042556799733977245 0.06549951439059289 -3342.815766877569
 7.31454954684594 19.335224405060078 -6.7142044752808 1.5865571848323343 0.004282936520103677 0.06578158849325118 -3299.0912951431887
 7.3338230942251785 19.11768071186698 -6.736008280783181 1.583383357043571 0.004307416478377185 0.06603942356419933 -3299.1382669641157
 7.352072949661716 18.89673432645591 -6.75554513079059 1.5800564878193168 0.004329371250716098 0.066293196929366 -3260.211563733207
 7.369291108165793 18.702853574628243 -6.772984523907506 1.5767525171269752 0.004349031087306437 0.06652371935226825 -3260.253542445348
 7.385470017284026 18.507408440346076 -6.788494169446711 1.5732963058477676 0.004366605237460516 0.06674865626126815 -3226.085245412813
 7.400602580412157 18.33719641916694 -6.802244103571486 1.5698916019367846 0.004382281990778367 0.06695144884557379 -3226.121516372318
 7.414682159907862 18.167353179699738 -6.814388235335354 1.5663220299283869 0.004396229769825532 0.06714699466072328 -3196.659264974448
 7.427702580002239 18.020959306545635 -6.825077754237357 1.5628437484861846 0.00440859815309944 0.06732140645838182 -3196.689751332183
 7.439658129508707 17.87688317466935 -6.83444551566233 1.5591755898710313 0.004419519407598811 0.06748650208772224 -3171.8775079907455
 7.450543564328118 17.75450769021484 -6.842615819635902 1.5556466907548891 0.004429109923556944 0.06763071958201146 -3171.9024461437793
 7.460354109748992 17.63637394218423 -6.849696096521665 1.5518926889128941 0.0044374717346385845 0.06776234154955256 -3151.6859904994944
 7.469085462541867 17.538221964991443 -6.855780404778526 1.5483331535057827 0.004444693805745367 0.06787162846273327 -3151.705210639576
 7.476733792846833 17.446165608308934 -6.8609485445867495 1.54450890810173 0.0044508531225851185 0.06796381726587228 -3136.040690007445
 7.4832957458534395 17.372350761122593 -6.865270659604359 1.5409316680856893 0.004456015492823465 0.0680321667026894 -3136.056968720918
 7.488768443272222 17.306619537926927 -6.868801223978974 1.5369728297011287 0.0044602361485971695 0.0680820478613896 -3124.8608701866847
 7.49314948459722 17.257591243736226 -6.871568413613224 1.5334676817795667 0.0044635602013397575 0.06811229270964546 -3124.8629996271225
 7.496436948158912 17.21748579773617 -6.873609516426157 1.5302321135548476 0.004466023030300451 0.06813079752118835 -3118.5018293927005
 7.49862939196713 17.19188776805234 -6.8749808355982305 1.5259645857336093 0.004467650676083396 0.0681394596093858 -3118.5235820117314
 7.499725854343557 17.18122961523581 -6.875670521028152 1.5221039221622017 0.004468460261980282 0.06814177759178415 -3112.425220466429
 7.502740194157274 17.15842634799262 -6.877407645382531 1.5300426667006595 0.004470703816445884 0.06814456779991136 -3112.809910049096
 7.507120274647511 17.101678924567153 -6.879890900964187 1.5391024573982262 0.004473934396166484 0.06815786280295454 -3112.7654072115197
 7.513680788509387 17.029129407249727 -6.8836298160565415 1.5468271698751792 0.004478692585443184 0.06816651141544294 -3099.0081221837913
 7.5224102263723065 16.921396519004507 -6.888411442166266 1.5540267920991266 0.004484877365799634 0.06818112787022056 -3099.109749788628
 7.533293273835977 16.803217221560313 -6.8940953591399206 1.561097135098926 0.00449236051120579 0.06818492436203047 -3077.1968540060816
 7.546310838337064 16.64210320517849 -6.900545851184344 1.5687752252308602 0.00450099176860268 0.06819955933211791 -3077.274079805284
 7.561440082644032 16.47694358572762 -6.907579781115015 1.575885264520862 0.0045106048849894225 0.06819920760272732 -3047.038602839957
 7.578654464921417 16.264958171155875 -6.91503463433284 1.5832547871775822 0.004521024010869054 0.06821307261925541 -3047.123247627827
 7.597923785293217 16.053788332876564 -6.922733079272058 1.5901101670430673 0.004532070543636897 0.0682098128706469 -3009.1141430468797
 7.619214238823742 15.793190465905809 -6.930550354139748 1.5973620513422366 0.0045435693714951765 0.06822292072128378 -3009.176709712854
 7.642488474822953 15.537125990226258 -6.938364999857621 1.6040835178207993 0.004555355330278809 0.06821793106632942 -2964.013355867081
 7.667705662372269 15.230986420260233 -6.946117922857515 1.6109895892086912 0.004567277926861328 0.0682302174333665 -2964.0315330776652
 7.694821561955871 14.931716571236544 -6.953820532416975 1.6175551658703045 0.004579205993704612 0.06822435151382107 -2912.4536869969525
 7.723788603071846 14.583872640454272 -6.961450184337355 1.6240357530062028 0.0045910310809289595 0.06823566943455847 -2912.4044479258614
 7.754555967687008 14.243829168573631 -6.969228460193005 1.6304272228588514 0.0046026686447665525 0.06822960265316724 -2855.2593856633985
 7.787069679389003 13.858969595635395 -6.97708633681876 1.6364143299235467 0.004614063178398066 0.06823973014197679 -2855.1267512364598
 7.82127269807927 13.481509306902096 -6.985459433637113 1.642570622302475 0.00462518441431865 0.06823402823784744 -2793.3593073767497
 7.857105020040764 13.065155960496885 -6.994134075284312 1.648057084374454 0.004636038661320882 0.06824272576392915 -2793.1465542097617
 7.8945037832048595 12.65463297436202 -7.003622855728143 1.6538918786707282 0.004646660069289361 0.06823784563451381 -2727.783635814129
 7.933403377432782 12.212829971472102 -7.013449706781763 1.6589011854418927 0.00465712939036831 0.06824494624282204 -2727.528550499477
 7.973735559618085 11.774359172324724 -7.023971460132131 1.6642998125106336 0.004667562423244084 0.06824116290348707 -2659.642989003284
 8.015429573408246 11.312766083517463 -7.03419557887196 1.6688555169945678 0.004678131594799663 0.06824668903216956 -2659.4305569739454
 8.058412273335357 10.851405418429943 -7.044201367607473 1.6736676721859065 0.0046890503424351195 0.06824398781216968 -2590.0577482804047
 8.102608253138127 10.373545594985183 -7.051922321197512 1.6777466093814208 0.004700594080279253 0.06824826000894191 -2590.019895986727
 8.147939978050086 9.892699518464433 -7.057432260057472 1.6817788591354716 0.0047130620465879024 0.0682462461729003 -2519.998611772539
 8.194327920821916 9.397473662913095 -7.056720913934811 1.6852588135717557 0.004726813118504021 0.0682499250477674 -2520.285393158201
 8.241690701239264 8.896672380017144 -7.050668240565433 1.6882850573337003 0.004742154461532688 0.06824783160940591 -2450.0126532410563
 8.289945228891302 8.375947655744554 -7.0325497039677645 1.6909036380235953 0.004759442123724935 0.06825180917810617 -2450.719034732927
 8.339006848939523 7.848785175880654 -7.005139901876076 1.6927153044726428 0.004778817885389993 0.06824870062664133 -2379.856372356749
 8.388789490631117 7.286741072413739 -6.959343156160783 1.6940719753660614 0.004800445031088548 0.06825375841600477 -2380.900512169727
 8.4392058182963 6.7204659014300985 -6.9003347694035595 1.6945832771327825 0.00482403830482602 0.06824900640447217 -2308.146604393818
 8.490167384564764 6.097038154153153 -6.819656336840025 1.6942273306266304 0.004849253997804874 0.06825521343738401 -2309.124443093204
 8.541584785532415 5.47576577350776 -6.723429970908076 1.693628531152259 0.004875100133487082 0.0682492311483814 -2232.266257062605
 8.59336781760621 4.776456245833227 -6.611047311883938 1.6912731692674554 0.004900317229131595 0.06825518156427447 -2232.3549205233585
 8.645425635751895 4.089811772606773 -6.48472327499902 1.6901845307898395 0.004923069549763051 0.06825024140752892 -2148.8923617292266
 8.697666912867081 3.322591240965106 -6.363373460685365 1.6860500523937143 0.004940824905175118 0.0682524098625829 -2146.9297306629574
 8.75 2.5800804879597097 -6.236361431504912 1.6855741261873747 0.004951181823128669 0.06825317385337669 -2055.5499983237173
 8.802333087132919 1.796046878101402 -6.155417818801094 1.6807615552365023 0.0049503603642607925 0.06824582961262106 -2050.430626326721
 8.854574364248105 1.0434876786920801 -6.085173666708986 1.6822864727665987 0.0049364050150135655 0.06825908261205786 -1953.3290275236475
 8.906632182393789 0.3509271042118315 -6.117989929624843 1.6789253920317015 0.0049051245739092485 0.0682352475281287 -1944.7385206808297
 8.958415214467585 -0.32110945071327535 -6.183076324338721 1.6835639907484123 0.004856798196818279 0.06826835560431029 -1850.1227636769452
 9.009832615435236 -0.7663013933800228 -6.406254718203021 1.6843916612950667 0.004788574133690885 0.06822211685697216 -1839.346675640246
 9.0607941817037 -1.2361039531233997 -6.67922813917043 1.6921385992079951 0.004704761906062109 0.0682800335935102 -1762.63864450207
 9.111210509368883 -1.277375694030751 -7.133474496053937 1.6993750194473987 0.004605737896747003 0.06821005161846015 -1752.8906493149482
 9.160993151060477 -1.4335246367510226 -7.638064485517102 1.70841526658955 0.004500070985433579 0.06829133217064412 -1714.8781224247775
 9.210054771108698 -0.988981298310754 -8.287108002474188 1.7223441125463073 0.0043919901786437406 0.06820457122869034 -1710.6348670950142
 9.258309298760736 -0.7822838828545058 -8.961631812294925 1.7291586854259249 0.004292047981437091 0.06829783905441174 -1731.8419173694592
 9.305672079178084 0.09174368152289263 -9.676027454715562 1.7472448483625131 0.004207078479159731 0.06821156407166991 -1737.2173313819596
 9.352060021949914 0.6191577970233771 -10.367550347759888 1.747776838101893 0.00414608987440663 0.0682948576159099 -1829.7210788513603
 9.397391746861873 1.7196253681052955 -10.945224666253573 1.7648637832696181 0.00411635732917792 0.06823451532385795 -1846.5956381636988
 9.441587726664643 2.443860911315146 -11.436642264037571 1.7561572886182686 0.004122913082408853 0.06827983311487383 -2005.9416443266991
 9.484570426591754 3.4720741885904376 -11.645518813082504 1.7656141398623046 0.0041716261654831345 0.068271589443442 -2032.72050472384
 9.526264440381915 4.216743676643516 -11.698914652186104 1.746977337458837 0.004263043791828444 0.06825475989717096 -2232.6364784307198
 9.566596622567218 4.855345393456221 -11.325222059742966 1.7425061496964664 0.00440029014738929 0.06831431959472978 -2264.121104551954
 9.605496216795139 5.41381184877339 -10.733220270832682 1.7157390394393754 0.004579772197426884 0.06822684814667704 -2456.4758754493755
 9.642894979959236 5.3979292591213195 -9.633959878277082 1.6936692253454855 0.004800475132272443 0.06834934966443436 -2485.148909546376
 9.67872730192073 5.546427500611493 -8.276480711379099 1.6624258435297943 0.005054370170747918 0.06820623445164634 -2607.7293147258806
 9.712930320610997 4.716319786320071 -6.426813039243195 1.6237995772339202 0.005334099170895374 0.06836341860116803 -2626.561353820666
 9.745444032312992 4.2374354262650575 -4.313824808647678 1.5924208030864475 0.005625089694377277 0.0682009314911709 -2619.5188490685296
 9.776211396928154 2.566210948730133 -1.8255930071636732 1.5435920722447523 0.005909824615527503 0.06834955504479867 -2625.1739985649792
 9.805178438044129 1.2988151880804835 0.8938931404105461 1.516051229462208 0.006162871110834028 0.06821126167297413 -2452.1507678468583
 9.832294337627731 -1.1021379605155486 3.7863486788071707 1.4671678306606601 0.006351807097779597 0.06831068549947415 -2446.4928882313698
 9.857511525177049 -3.183848725378595 6.837755961696407 1.44669160896749 0.006437364842577847 0.06822757189223273 -2112.4108938675245
 9.88078576117626 -6.05783579979039 9.799330049578336 1.4087129508869016 0.0063744635926866605 0.06825781727104087 -2101.475388903619
 9.902076214706783 -8.748587370099694 12.7929656046271 1.3978706810943096 0.006122452145410609 0.06823432116922136 -1659.0901051582423
 9.921345535078583 -11.682960319728892 15.407772846464715 1.3791127527143154 0.005651263472450119 0.06820387038366037 -1650.2203018731877
 9.938559917355967 -14.509989847522842 17.868881124083895 1.3794284952374056 0.004961653966872896 0.06822033198126433 -1188.8626903279164
 9.953689161662936 -17.021041081585622 19.726374626299933 1.3822829789432656 0.004089720835644509 0.06815893047188235 -1186.4516233615368
 9.966706726164023 -19.412052709677205 21.263109971957583 1.3929182268355715 0.003116851884198767 0.06818896436293724 -799.3985934666083
 9.977589773627695 -21.182911378561567 22.19342403498981 1.4125594119972815 0.002151093238634313 0.06812983455034587 -801.5770862405559
 9.986319211490613 -22.777706358910972 22.79780713180646 1.4298986461110663 0.001305087593101613 0.06815483393213449 -545.342784754534
 9.992879725352488 -23.78077547661222 23.04590590556282 1.4577976095774932 0.000659509495990457 0.06811578763251955 -547.210232066854
 9.997259805842727 -24.536179338373035 23.1350357628882 1.5163654029964775 0.0002446177081120765 0.06812640219174301 -427.2727514798783
 9.999451768811786 -24.858527629383023 23.145537679492566 1.57093473727745 0.00004795290908102729 0.06811220955828506 -427.5776366203866
