 0.0005482311882135312 81.60969244642928 -0.0005249065020041263 21.386028439964736 9.970543083674643E-35 2.941776592095714E-33 -3330.02432163839
 0.00274019415727332 81.61018704806347 -0.002617142629469505 1.519226063691765 4.974692092679921E-34 1.5324278425874786E-32 -3329.9834106030003
 0.007120274647511144 81.61088325991852 -0.006787721930630984 1.5200033644680597 1.2868371757321746E-33 4.3728851629725267E-32 -3330.6527583266993
 0.013680788509385776 81.61915713031952 -0.012895990690878857 1.5192470129314006 2.4555606790937257E-33 9.709210625965451E-32 -3329.8730702642074
 0.022410226372305896 81.62607985136468 -0.020983033188078228 1.5191537534503925 3.981258306912989E-33 1.925933574718021E-31 -3333.5591692304665
 0.03329327383597702 81.66025588395497 -0.03071390445664649 1.5193503278259661 5.840984409461914E-33 3.641923207665726E-31 -3331.165302047844
 0.04631083833706351 81.68800544401941 -0.04197789686535771 1.5189953292852543 7.997123167514186E-33 6.833533339611588E-31 -3341.562307839639
 0.0614400826440323 81.77360703502134 -0.05473495316316562 1.5195748562502183 1.0409049496305389E-32 1.2916278276686485E-30 -3337.1661687070277
 0.0786544649214172 81.84562996629863 -0.06783833860368575 1.5192012096306662 1.3018082717842472E-32 2.5148667161015332E-30 -3358.4645003547307
 0.0979237852932173 82.01112761013592 -0.08264859531355462 1.5199370588376202 1.5768551419670494E-32 5.039162003783612E-30 -3352.440745528022
 0.11921423882374141 82.15665937367069 -0.09578531376195389 1.5196293220370714 1.859425175995114E-32 1.0531856832935592E-29 -3388.6001747132227
 0.14248847482295224 82.42685514692023 -0.11115032004239106 1.5204265116046263 2.141393356915558E-32 2.27857672224691E-29 -3382.01890594711
 0.1677056623722686 82.67405007821067 -0.12247257446709764 1.520196713118843 2.3917642496858985E-32 5.143282379865436E-29 -3435.9024089823515
 0.1948215619558712 83.06249994778436 -0.13655135716743483 1.5209978238999426 3.066441583329052E-32 1.2002184532796132E-28 -3430.161165105258
 0.22378860307184567 83.42912057925156 -0.14477966203473203 1.5208256252203842 -1.3042156842147313E-32 2.9092608056358476E-28 -3502.7341880841327
 0.254555967687008 83.93284809325856 -0.15597445507781366 1.5215815501584362 3.6781048966042858E-31 7.268397804793442E-28 -3499.028220212241
 0.2870696793890023 84.41903574173213 -0.16084155329600536 1.5214406966648353 -2.1290012014296412E-30 1.8749588202820303E-27 -3589.0018251167617
 0.32127269807926995 85.0187739690763 -0.16841673100570712 1.5221116482585506 1.1819179290399266E-29 4.979812003466574E-27 -3587.906513302442
 0.3571050200407644 85.60651297635978 -0.1706577053185461 1.5219874739255728 -5.619794966467685E-29 1.3540263912258135E-26 -3692.077940552722
 0.39450378320486024 86.27257980845579 -0.17494381743680662 1.5225525918113274 2.4070318185787853E-28 3.804172414761612E-26 -3693.4537027260744
 0.43340337743278257 86.93204662291036 -0.17591571729331165 1.5224478728306277 -9.392440152923295E-28 1.0808170332619655E-25 -3807.594034944799
 0.47373555961808467 87.63249474781763 -0.1780473494951178 1.522910531596319 3.389740870857402E-27 3.196639645526849E-25 -3810.7961745115194
 0.5154295734082459 88.33102775825105 -0.17929572321151768 1.5228418194037185 -1.1427327116316497E-26 9.435970780075562E-25 -3930.640766391965
 0.5584122733353573 89.03815181956598 -0.1807726036692968 1.5232273661458327 3.6310145757575314E-26 2.9170899491117203E-24 -3934.848957952702
 0.602608253138127 89.74725461388186 -0.18377028260581912 1.5232182371742427 -1.0948441571008587E-25 8.923974007407059E-24 -4056.8047557343516
 0.6479399780500863 90.44062042745936 -0.1861197322953211 1.523567123694009 3.15196598519276E-25 2.858176445204837E-23 -4061.2926490736777
 0.694327920821916 91.13912992459001 -0.19220749694742162 1.5236435391592016 -8.704588609005057E-25 9.04534216591525E-23 -4182.735466336103
 0.7416907012392653 91.80556522742482 -0.1968423600313126 1.5240039211901824 2.3160491724958714E-24 2.97631526917991E-22 -4187.004168221836
 0.7899452288913011 92.47964861059953 -0.2072980219888555 1.5241930823402283 -5.956295017560783E-24 9.709309624910354E-22 -4306.248727844165
 0.8390068489395233 93.11162388362008 -0.2155296030453017 1.5246153599206038 1.485338701195E-23 3.2601368425061882E-21 -4310.039018945108
 0.8887894906311168 93.75317695500084 -0.23168675366672806 1.5249468141015141 -3.598960273430533E-23 1.089923296393129E-20 -4426.135747898142
 0.939205818296299 94.34685552647242 -0.24481652418817854 1.5254807267315513 8.494058663805436E-23 3.713692350501612E-20 -4429.371717077548
 0.9901673845647623 94.95159742403692 -0.26818420633355633 1.5259878984523503 -1.9543824949988765E-22 1.2632804577071754E-19 -4541.860279170015
 1.0415847855324147 95.50525856160108 -0.2876161121888914 1.5266816040173736 4.39404459355619E-22 4.34426092569916E-19 -4544.574084936
 1.0933678176062092 96.07119092751057 -0.3199769840583599 1.5274024445261296 -9.646233078620315E-22 1.4922246696920554E-18 -4653.269291181883
 1.1454256357518955 96.5842197751166 -0.3473193264283397 1.5283025192393072 2.0742515690768422E-21 5.149064495369516E-18 -4655.537253428584
 1.197666912867081 97.1106180455262 -0.3907966337419995 1.5292785963725142 -4.3523627426915045E-21 1.772470727956327E-17 -4760.375291560106
 1.25 97.58296953634293 -0.4279397537027057 1.530429845319582 8.972127976036642E-21 6.09839726340732E-17 -4762.276080714259
 1.302333087132919 98.06981301815736 -0.4850252975516804 1.5317035415419809 -1.7961801757373857E-20 2.0882669013595632E-16 -4863.219256963953
 1.354574364248104 98.50176399402662 -0.5341869263511891 1.5331476685049579 3.559357938225396E-20 7.116878760887322E-16 -4864.812454495356
 1.4066321823937904 98.9494351074435 -0.6077183155584297 1.534757267698046 -6.741521760681975E-20 2.4068650136693227E-15 -4961.7973438439685
 1.458415214467585 99.34145662199282 -0.6714464512128367 1.5365296721307204 1.2967455804750835E-19 8.070318848006523E-15 -4963.115489043095
 1.5098326154352377 99.75055998980518 -0.7645162606008098 1.5385021821415317 -2.2607199335841527E-19 2.6767134247543893E-14 -5056.0268715368275
 1.560794181703701 100.10319918048704 -0.8456337143854348 1.5406263799770115 4.397326765702377E-19 8.771135397700282E-14 -5057.073867264722
 1.611210509368883 100.474402077921 -0.9614081766377098 1.5429681171377587 -6.389183252691117E-19 2.8337601483951267E-13 -5145.729568226983
 1.6609931510604765 100.78812099928672 -1.0628760205852565 1.5454475426160816 1.4782216387070643E-18 9.015030678544139E-13 -5146.480404385797
 1.7100547711086986 101.12196527018591 -1.2042982313676878 1.5481328875483937 -1.1173144713819526E-18 2.818481060341677E-12 -5230.6166093123065
 1.758309298760735 101.39693216487345 -1.3289691423699255 1.5509401932440008 5.876123198972613E-18 8.649395081839712E-12 -5231.016235513933
 1.805672079178084 101.69360768583098 -1.4983239401503998 1.5538995601329966 3.733596467841695E-18 2.6002864195255214E-11 -5310.267782373044
 1.8520600219499133 101.92948078808557 -1.6485538967992426 1.55696409634106 3.314820319943303E-17 7.650085388041934E-11 -5310.230198612001
 1.8973917468618728 102.188590610459 -1.8468845839079624 1.5600730801069864 6.704072122734948E-17 2.1980496691017727E-10 -5384.106374236089
 1.9415877266646429 102.38438584620282 -2.0239797481124246 1.563268156584091 2.379493194546555E-16 6.162480733621626E-10 -5383.518675925008
 1.984570426591754 102.60478506458887 -2.250383422180634 1.5663410677928726 6.093254169887453E-16 1.682302957671383E-9 -5451.383597025762
 2.026264440381915 102.7589748806533 -2.4538935167507927 1.5694740630327 1.7393128003419534E-15 4.468627208424541E-9 -5450.123208035287
 2.066596622567217 102.93882818495436 -2.704800254861199 1.5722664953907666 4.4872680210623965E-15 1.1524484220441625E-8 -5511.20122297346
 2.1054962167951397 103.04984506686431 -2.9317521585190245 1.575076861380546 1.156022447521679E-14 2.8839418910479102E-8 -5509.175084220321
 2.1428949799592356 103.18708619920179 -3.2004185565092165 1.5773028101245528 2.8240566903759673E-14 6.987422898015327E-8 -5562.611444397326
 2.17872730192073 103.25432455179501 -3.444721267338685 1.5794746345966355 6.69668089825701E-14 1.6382011751632134E-7 -5559.81796556282
 2.2129303206109974 103.34763257471398 -3.721286203416872 1.5808421824718606 1.519105756106437E-13 3.708634832802479E-7 -5604.821298231968
 2.245444032312992 103.37278206273304 -3.97367167075426 1.5820366681212303 3.314244083325674E-13 8.101619268992778E-7 -5601.415402152965
 2.2762113969281543 103.4229367867006 -4.246081691540174 1.5823002700367308 6.918296886169948E-13 0.0000017045311590513656 -5637.476460371859
 2.3051784380441287 103.4111054661469 -4.494915185205132 1.5822060283756114 1.382853119714015E-12 0.0000034506301994300687 -5633.793945312534
 2.332294337627731 103.42221801429407 -4.750676593012297 1.5812232510006616 2.6404961272981974E-12 0.000006710649633021067 -5660.917318599886
 2.3575115251770478 103.382134698143 -4.983623585102669 1.5796100240175506 4.8145266058841894E-12 0.000012516488081452697 -5657.41519779439
 2.3807857611762584 103.36207700905548 -5.211790799835122 1.577379712129531 8.371569425424721E-12 0.00002236210593327384 -5676.257375143017
 2.4020762147067827 103.30504130896199 -5.417791049532849 1.5741367644917965 1.387229911829799E-11 0.00003815433376639543 -5673.373852006403
 2.421345535078583 103.26471212800887 -5.610334717886641 1.570785587660699 2.1884978126373246E-11 0.00006210727713592955 -5685.205372994712
 2.4385599173559678 103.20271128230272 -5.781066781196709 1.5659477267851478 3.2838045812178563E-11 0.00009600348836068634 -5683.207106325915
 2.453689161662936 103.15440039450007 -5.9331332696363415 1.561632725773441 4.6804693768460564E-11 0.00014086594729961408 -5689.704447763509
 2.466706726164023 103.0982414385143 -6.063428797379541 1.5554306530311868 6.328327152403232E-11 0.00019520262824346748 -5688.604194482405
 2.4775897736276944 103.05373984966307 -6.172488571020377 1.5501823092868219 8.108040263402048E-11 0.00025575459092594567 -5691.553003550237
 2.4863192114906143 103.01181715162735 -6.259143155178076 1.543122192289546 9.843262346335489E-11 0.00031586772600481166 -5691.133182347542
 2.4928797253524886 102.98083319841714 -6.322945523993608 1.537709046358465 1.1338571405121916E-10 0.0003689211568835812 -5692.128728267
 2.4972598058427264 102.95736868020622 -6.364049366513624 1.529648098332695 1.2426114925009574E-10 0.0004079974377074994 -5692.335207103649
 2.4994517688117863 102.9488599897283 -6.383865750216763 1.5223770734397841 1.299526397018862E-10 0.0004281025689470689 -5690.30780459659
 2.5013706080328704 102.94260549499002 -6.4025573310540524 1.5239160112111598 1.3538957077484643E-10 0.000446131511278458 -5692.51419770658
 2.5035630518410876 102.93085876341785 -6.424427283753565 1.527990066005118 1.4196061105070839E-10 0.00046807497494887154 -5692.430258074865
 2.50685051540278 102.91344416152437 -6.457205457748561 1.5315146607796422 1.5238436748044794E-10 0.0005017184227720725 -5692.417011221262
 2.511231556727778 102.89014764284033 -6.500832781134971 1.5352047440795584 1.6741013930106262E-10 0.0005476361160288142 -5692.469235228745
 2.516704254146561 102.86042441308926 -6.55520501421773 1.538655826350689 1.8816171865878437E-10 0.000606814961547015 -5692.544842452324
 2.523266207153167 102.82298394311887 -6.620282021747618 1.5427110079747095 2.1626661024259149E-10 0.0006794631763347055 -5692.612114431427
 2.530914537458133 102.7788595432557 -6.695760946765583 1.5462985028243499 2.540497255689751E-10 0.0007666781304870578 -5692.168370467751
 2.539645890251008 102.72472937157015 -6.781730266998506 1.5506301352127885 3.048200956588217E-10 0.0008680159737969575 -5692.33181994174
 2.549456435671882 102.66374695165716 -6.877385951551497 1.5544790974066647 3.7329468933237024E-10 0.0009848700633556743 -5690.883743838223
 2.5603418704912926 102.58946607410658 -6.983293104113716 1.559071301171286 4.662222112733406E-10 0.0011160881439550773 -5691.176889822536
 2.572297419997761 102.50845647524386 -7.097553188811479 1.5632982103916837 5.93309462939998E-10 0.001263369257297958 -5688.128885232448
 2.5853178400921384 102.40999558485338 -7.221871498582792 1.5681238638807236 7.68579075501747E-10 0.001425013218978336 -5688.575517697943
 2.5993974195878433 102.30518290701026 -7.352303600649371 1.572809729811024 1.0124052787624754E-9 0.001602891974609846 -5683.281883709785
 2.6145299827159736 102.17819098691659 -7.492733263891109 1.5778471382159303 1.3544512103543394E-9 0.0017950578316242162 -5683.8816678415715
 2.6307088918342068 102.04535521359229 -7.635874647493221 1.5830246173076512 1.8381346901139259E-9 0.0020032927880299116 -5675.70801055389
 2.647927050338284 101.88549975998978 -7.789155960772305 1.5882584782958857 2.5268308020690623E-9 0.002225775420902547 -5676.430827776291
 2.6661769057748215 101.72024053468776 -7.940454584595641 1.5939072267389562 3.513526867280122E-9 0.0024638736690547496 -5664.8277068850075
 2.68545045315406 101.52359227109642 -8.102257446125849 1.5993216318244452 4.933253381025047E-9 0.002716263391117824 -5665.615486098116
 2.705739238461123 101.32168276784724 -8.256182974398461 1.6053701806398677 6.983362665692029E-9 0.0029835920690117037 -5650.194715719055
 2.7270343623642246 101.08507617140154 -8.421145144957467 1.6109383614211592 9.94623598585797E-9 0.0032653342550552113 -5650.971694574069
 2.7493264841182095 100.84285280279184 -8.571496279191766 1.6172712662271036 1.4230195014314172E-8 0.0035611911193246413 -5631.570306209235
 2.7726058256617154 100.56413766410422 -8.733462969631095 1.622946614264866 2.040496189232617E-8 0.00387162389332048 -5632.259552953627
 2.796862175906152 100.27883467093096 -8.873843915716328 1.6294158175269717 2.928072199558143E-8 0.004195277119384386 -5608.975027847138
 2.822084895214622 99.95694935193393 -9.026307100423939 1.6351275150841134 4.194908415324755E-8 0.004533657093719017 -5609.5162272012185
 2.8482629200688185 99.62688322632391 -9.150691045793348 1.6415665876236947 5.99306968541967E-8 0.004884363605549043 -5582.701591184191
 2.875384767921848 99.26172770768648 -9.28735861798633 1.6472212635154193 8.51884888816353E-8 0.005249885099747862 -5583.06426688454
 2.9034385422348565 98.88627647497795 -9.390625915417496 1.6534607290653673 1.2039794527414378E-7 0.0056268951223824824 -5553.282100215733
 2.9324119376952456 98.4784238609721 -9.506003385566528 1.6589495139903518 1.6885021974716983E-7 0.006018705334544582 -5553.470236409969
 2.9622922456141856 98.05781421397046 -9.584351751148406 1.664831241500346 2.3494165755349785E-7 0.006421259113727253 -5521.416176385086
 2.9930663595010705 97.60814565968958 -9.674217252765082 1.6700401421873385 3.2381192079197545E-7 0.006838470166932453 -5521.463608420255
 3.024720780812455 97.14312261098061 -9.725384012692887 1.675429064193334 4.4221501496218074E-7 0.0072657911399304905 -5487.87734864621
 3.0572416248729635 96.65248398887114 -9.787077748203012 1.6802500972653889 5.976535026996724E-7 0.007707489291694881 -5487.8364885251385
 3.090614626965568 96.14396517606625 -9.81036753058297 1.6850421955042707 7.998727560505411E-7 0.008158776552520671 -5453.4189926989075
 3.1248251485885614 95.61292385284683 -9.842874482634272 1.6893831187265222 0.000001059181122212913 0.00862402871600497 -5453.3470704097645
 3.1598581838764925 95.06172829032556 -9.839027333316242 1.693509417839973 0.0000013888727670570108 0.009098450465207913 -5418.697741322312
 3.1956983661822314 94.49046923815735 -9.842880356376678 1.6973007431277054 0.0000018023995063908106 0.009586308262278428 -5418.644539910006
 3.232329974817289 93.89717222274437 -9.813834548112872 1.7007276928596513 0.000002317030817629339 0.010082997077811125 -5384.224599631235
 3.2697369419474325 93.28553197767144 -9.790890333444976 1.7039265249285591 0.000002949602391385596 0.010592498764751464 -5384.224271564718
 3.307902859640566 92.65045439422961 -9.739493472129377 1.7066535073880775 0.0000037216214775459805 0.011110548945627791 -5350.345735031382
 3.3468109870637957 91.9980615028727 -9.692637535070947 1.7092443752669002 0.000004653487134540394 0.011640719647131308 -5350.413577659602
 3.386444257826506 91.3213681584033 -9.622347798150399 1.7112991751138356 0.000005771022536546994 0.012179186513161171 -5317.248675244621
 3.4267852874662497 90.62784419534938 -9.555175356822263 1.7132923660595647 0.000007098347526000058 0.01272903724570242 -5317.382347110783
 3.4678163810741434 89.9097081847463 -9.469780454267521 1.7147253887204486 0.00000866547785188774 0.013286938068156808 -5284.986346725307
 3.5095195410564397 89.1748825875653 -9.386286778632542 1.7161534257148896 0.000010500406767707588 0.013855464031936908 -5285.170190033517
 3.5518764750288687 88.41566999010412 -9.289656544070821 1.7170313379098419 0.000012637000561638309 0.014431780173235993 -5253.510685293263
 3.59486860384028 87.63977041243369 -9.193958446680178 1.7179442548163655 0.000015107257518482915 0.015017958753501572 -5253.721568035933
 3.6384770697220743 86.84020722288501 -9.089839217990724 1.7183436070860465 0.000017948321695198913 0.01561163857315486 -5222.708584272662
 3.6826827445598416 86.02400007099357 -8.985940560158895 1.7188036331753673 0.000021196259763735626 0.016214427428253436 -5222.92183539131
 3.7274662382835873 85.1852959691862 -8.877794882121568 1.718804919276745 0.00002489069258922228 0.01682438954297787 -5192.434831154841
 3.772807907372856 84.3301654065946 -8.769402827808602 1.7188811145580842 0.000029071685450084872 0.017442725077468742 -5192.629230469147
 3.818687863473029 83.45408249655173 -8.660295059813295 1.7185636193004592 0.00003378033241770919 0.018067861628843492 -5162.538757443092
 3.8650859821190133 82.5620478985752 -8.550689228651745 1.7183269093606963 0.00003906043045364814 0.01870065806308238 -5162.70000208547
 3.9119819115624996 81.65091407747182 -8.443215256095396 1.717764584299525 0.000044953392571739894 0.019339837732944204 -5132.883178402658
 3.9593550816989085 80.72459432431637 -8.335168093881403 1.7172835288228745 0.000051506237969817494 0.019985986892861015 -5133.005668373034
 4.007184713090121 79.78126904100378 -8.231425064689338 1.7165420130710594 0.00005875946919115012 0.020638057502646186 -5103.355628194102
 4.055449826079023 78.82380677529147 -8.127168410518149 1.715879512117251 0.00006676256170835498 0.021296429371749696 -5103.442731791288
 4.1041292499918836 77.85161130431088 -8.02875833423304 1.7150142931514092 0.00007555389389882307 0.021960219995474442 -5073.872843851186
 4.153201632424501 76.8665716993854 -7.92998848732897 1.7142253031673604 0.00008518439798959232 0.022629664001656963 -5073.935995787523
 4.202645448608086 75.8691971716291 -7.838047982283586 1.7132809056724667 0.00009568922550880419 0.023303986603045813 -5044.379952032367
 4.252439010850726 74.86045466777975 -7.745959864230627 1.7124111199008285 0.00010711959052034791 0.023983333560316792 -5044.437009741068
 4.302560478050328 73.84185987511088 -7.661207627788767 1.7114211340703365 0.00011950651505684496 0.024666984225518922 -5014.84594939308
 4.35298786527485 72.81348372503803 -7.576548092005496 1.7105064937169845 0.00013290023071343306 0.025355048817979273 -5014.919211904935
 4.403699053405612 71.77779217150096 -7.499341908865135 1.7094942160058606 0.00014732700222544966 0.026046808693149275 -4985.256945841237
 4.454671798839481 70.73393841415722 -7.422472831028772 1.7085610665878022 0.0001628348286787826 0.02674239237539199 -4985.37115800336
 4.505883743245645 69.68534110390269 -7.352868998307844 1.7075405249636466 0.00017944492142986013 0.027441028434249514 -4955.608364143622
 4.557312423372716 68.63015545646415 -7.283832228714014 1.7066062159310147 0.00019720192257546162 0.028142922626572805 -4955.788919120024
 4.608935280901857 67.57282310463819 -7.221641868230823 1.7055833800858116 0.0002161220655409247 0.02884718839176919 -4925.896948065964
 4.660729672341605 66.51035664378195 -7.160220053262813 1.7046571179049264 0.00023624574830706264 0.0295541778657356 -4926.168388205705
 4.712672878960053 65.44836269690751 -7.105058550889819 1.7036311407475702 0.00025758470107897406 0.03026281419697954 -4896.113089790694
 4.764742116750039 64.3825002540393 -7.050827847275348 1.7027149358551679 0.0002801745379122065 0.03097368057082408 -4896.497905777613
 4.816914546422964 63.31975439854275 -7.002155312736758 1.7016793241420394 0.00030402338394365795 0.031685416620991926 -4866.233686568184
 4.869167283426858 62.25415430134831 -6.954527840053953 1.7007689107680148 0.0003291619888342299 0.032398941906971665 -4866.751334135761
 4.9214774079843036 61.194344967003005 -6.911679857256671 1.6997125714810388 0.0003555962268878587 0.033112496342973176 -4836.215497184451
 4.973821975145803 60.13238802571346 -6.869935243781655 1.698798219912586 0.00038335248752676847 0.03382746649829481 -4836.881490634093
 5.078522592015696 58.02367705858141 -6.7954509315727725 1.696773553398003 0.0004428708261395562 0.035256757503483276 -4806.813702153991
 5.130832716573141 56.979671694576666 -6.7618598272329455 1.6956285278237633 0.00047466377352445006 0.035970071212750386 -4775.451066042797
 5.183085453577036 55.933817725172254 -6.729287759421463 1.694658441060117 0.0005078374712243009 0.036684321974004654 -4776.43917691835
 5.235257883249961 54.901998590134184 -6.698957755283237 1.6934404419015059 0.000542404893480471 0.037395565666645945 -4744.460363863606
 5.287327121039947 53.86784743686668 -6.669486584904534 1.6924104556522033 0.0005783909596478929 0.03810767633468694 -4745.607931559099
 5.3392703276583955 52.85054393839172 -6.6414043123398985 1.6910983772359796 0.000615818355387706 0.038815548286388044 -4712.8283599093065
 5.391064719098143 51.82997208567313 -6.613932016590986 1.6899825343841626 0.0006547196424643098 0.03952435156833418 -4714.121203569388
 5.442687576627284 50.829068533672206 -6.587022074793171 1.6885549999173266 0.0006951329108658038 0.0402275538455108 -4680.313084265525
 5.494116256754355 49.823509115457355 -6.560383411386338 1.6873247991340279 0.0007371054392684619 0.04093189731391704 -4681.723675173494
 5.545328201160519 48.840417288779456 -6.533536348536583 1.6857616208907265 0.0007806979800045877 0.04162914104902373 -4646.6121819946675
 5.596300946594388 47.850867387914946 -6.506542955108245 1.6843873867563972 0.000825981657935432 0.042327883707936866 -4648.096475694468
 5.64701213472515 46.8865269871452 -6.4786711102065695 1.6826716671019506 0.0008730484440718205 0.043017895168766 -4611.358144445064
 5.697439521949672 45.91360085111495 -6.450187366101311 1.6811248486554902 0.0009220037670920682 0.043709899657595835 -4612.852804321703
 5.747560989149274 44.96853218228082 -6.420321343860186 1.679245871898522 0.0009729793391482203 0.04439142694230206 -4574.117959276827
 5.797354551391914 44.01258687945405 -6.3893881233161895 1.6775025176474552 0.0010261244611166874 0.04507554666618002 -4575.539003434917
 5.846798367575499 43.08702402355253 -6.35682161586367 1.6754593684987151 0.0010816160269158004 0.04574736687598156 -4534.400513336603
 5.8958707500081164 42.148381251828376 -6.322830939603449 1.6735047343353362 0.0011396516377249395 0.04642242856237911 -4535.644731635038
 5.944550173920977 41.24250671610178 -6.287308469190737 1.671310188014235 0.0012004507360404684 0.0470833553800844 -4491.675545001362
 5.992815286909879 40.32177674625876 -6.250213936816301 1.6691439267476098 0.0012642524524041697 0.04774813938256512 -4492.626079518533
 6.040644918301091 39.436054564590364 -6.2121347790687045 1.6668276483011772 0.001331301976689395 0.048397030988275656 -4445.407453205262
 6.0880180884375 38.53453308707651 -6.172657740560158 1.6644684106971148 0.0014018557268314527 0.04905025363243097 -4445.94449806033
 6.134914017880986 37.67009719415884 -6.1332446200419755 1.6620780652774045 0.0014761487658081541 0.049686020695518675 -4395.105338051705
 6.181312136526971 36.79015938260375 -6.093012092145402 1.6595658570210672 0.0015544096130284718 0.05032632439779262 -4395.121858041556
 6.227192092627144 35.94916836582342 -6.054375132340935 1.6571646473755923 0.0016368078800284773 0.05094793751919543 -4340.387085874767
 6.272533761716413 35.09454307763238 -6.0159143690258565 1.654559244685253 0.001723480912915103 0.05157389460842172 -4339.807848518228
 6.317317255440159 34.28038017467832 -5.9809412497022105 1.6522189033549213 0.001814465292012546 0.05218039019927803 -4281.050528921084
 6.361522930277926 33.45617275726366 -5.947469322676492 1.649593267635964 0.0019097373179234832 0.05279052478232584 -4279.85095253891
 6.405131396159719 32.673372284645446 -5.919500938565639 1.647382707791422 0.002009136333529744 0.0533810080218685 -4217.139863920023
 6.44812352497113 31.88573600828505 -5.8944919637161695 1.644811679117932 0.00211242040102414 0.053973836569672 -4215.35984320208
 6.49048045894356 31.139568624934437 -5.876800670674899 1.6427831384467184 0.0022191918994296724 0.05454747968260563 -4148.99239686471
 6.532183618925856 30.395009263473465 -5.863384213613573 1.6403294419885857 0.0023289680317720727 0.05512156559637847 -4146.740145040523
 6.5732147125337494 29.69075717576678 -5.8585477857028545 1.638505509169829 0.0024411184709379747 0.0556775992888362 -4077.2512515391804
 6.613555742173494 28.995178190815814 -5.858869822542761 1.6362066458238094 0.00255494734201711 0.056231611043006696 -4074.693881754021
 6.653189012936204 28.337251863573435 -5.868200871336179 1.63457226153939 0.0026696486632996545 0.05676930721695436 -4002.8351817407647
 6.692097140359433 27.694966957790022 -5.882928070483226 1.6324323287911122 0.0027843927711711227 0.0573020664579253 -4000.1761975875593
 6.730263058052568 27.086106120988912 -5.906137360231731 1.630934991641665 0.0028982994461762973 0.05782071230240291 -3926.8664992143404
 6.767670025182711 26.49910086961336 -5.934269106665927 1.6289242801986468 0.003010518948326647 0.0583312200200772 -3924.3145691157547
 6.804301633817769 25.939908054454882 -5.969484573375626 1.6274831812803638 0.003120217682084557 0.05883008735164199 -3850.569425543151
 6.8401418161235075 25.407576588531217 -6.008544081685916 1.6255457361206447 0.003226643842563888 0.05931752308041989 -3848.3060140297475
 6.875174851411439 24.896528545714613 -6.052687225685232 1.6240673391411806 0.0033291185003881483 0.05979584057969509 -3775.1594383759484
 6.909385373034432 24.415953772373793 -6.0992290541877905 1.6221337777482625 0.0034270789903149456 0.06025953843466885 -3773.3134437523336
 6.9427583751270365 23.949865270848914 -6.148622713340015 1.6205290660689369 0.0035200697788868637 0.06071647540256143 -3701.745762349845
 6.975279219187545 23.516524437059278 -6.198886830165198 1.6185303387903782 0.003607762049229167 0.06115588713585052 -3700.380866996655
 7.0069336404989295 23.091285884735818 -6.249899711839303 1.6167287722862171 0.003689942091937624 0.06159055417683218 -3631.2634945559034
 7.0377077543858135 22.699939811065217 -6.300415665376016 1.6146069717062554 0.0037665107996912297 0.06200521067925123 -3630.3796328383246
 7.067588062304754 22.311288268291335 -6.349969089822514 1.6125640518451163 0.0038374703834749874 0.06241667681987778 -3564.4418578253303
 7.096561457765143 21.956802014240242 -6.397969969186151 1.610278296309048 0.003902910714393764 0.06280615629741579 -3563.98803300701
 7.124615232078153 21.600927791170886 -6.4438161855416825 1.6079763040521307 0.003962996550495747 0.06319347677697651 -3501.805220557673
 7.1517370799311815 21.278853809523753 -6.4874167903076945 1.6055038704405964 0.00401794818520518 0.06355738301963185 -3501.6984531384624
 7.177915104785377 20.952747676299133 -6.528192088943402 1.6029474362750715 0.004068031091238289 0.06391962989121389 -3443.6972565015167
 7.203137824093847 20.659618671409074 -6.566366520923943 1.6002816695248014 0.004113536782529248 0.06425758017121357 -3443.842181432067
 7.227394174338285 20.361167091034538 -6.601483334197731 1.5974906849591524 0.0041547757048000155 0.06459386916887576 -3390.316933720119
 7.25067351588179 20.094538569072935 -6.633916335638906 1.5946374951229076 0.004192061785343351 0.06490548932460441 -3390.621919227381
 7.272965637635775 19.82243753436163 -6.663375054531342 1.5916396487463955 0.004225708393275984 0.0652149996299666 -3341.7568025967475
 7.294260761538877 19.58076509445333 -6.6902616440045115 1.5886139518746212 0.004256017777137459 0.0654999234651353 -3342.1444808964898
 7.31454954684594 19.334340589894342 -6.714448131788936 1.5854384470937675 0.004283279386286076 0.06578191016100172 -3298.0373788490397
 7.3338230942251785 19.116779715170182 -6.7362957934948 1.5822612010639834 0.004307763834984434 0.06603978053786438 -3298.4493646361834
 7.352072949661716 18.895788406696767 -6.755804586915087 1.5789344894016633 0.004329722791545508 0.06629358101107366 -3259.134703433378
 7.369291108165793 18.701983327260017 -6.77326853617972 1.5756303558091724 0.00434938636436253 0.06652404840058053 -3259.531598484901
 7.385470017284026 18.506439266035187 -6.788768558166926 1.5721741979114598 0.004366963927999529 0.0667490768550278 -3225.00059165081
 7.400602580412157 18.336339727131183 -6.802531783471403 1.5687694791991427 0.004382643730681108 0.0669517686486653 -3225.3590021408786
 7.414682159907862 18.16638565577401 -6.814675973303573 1.5652011732196471 0.004396594252938507 0.06714743146004068 -3195.576485402804
 7.427702580002239 18.020106717350465 -6.8253729273628485 1.5617216828174625 0.004408965075784033 0.0673217299054747 -3195.884777537518
 7.439658129508707 17.875929574414744 -6.83474447546484 1.5580554250889285 0.004419888496356887 0.06748694090160458 -3170.8023570111304
 7.450543564328118 17.753654387582607 -6.842919271959552 1.5545246765017096 0.004429480921721478 0.06763105300846638 -3171.056457727417
 7.460354109748992 17.63543612397802 -6.85000339968512 1.550772255780419 0.004437844404102016 0.06776277498453985 -3150.622071352783
 7.469085462541867 17.53735515469878 -6.856090821787511 1.5472111782639193 0.004445067925338922 0.06787198350312727 -3150.822137301434
 7.476733792846833 17.445249947357837 -6.861262993569098 1.5433832768999185 0.004451228483598498 0.06796423219261535 -3134.9862364992896
 7.4832957458534395 17.371522355547505 -6.865584637109454 1.5398097481468143 0.004456391901827431 0.06803251277323503 -3135.136334294916
 7.488768443272222 17.305664753558265 -6.869112945410559 1.5358844257598523 0.004460613418466415 0.06808247356583925 -3123.848440972284
 7.49314948459722 17.256654593307378 -6.871885037821333 1.5323457981587623 0.004463938147112337 0.06811271054817569 -3123.8945308430525
 7.496436948158912 17.21664822103236 -6.873926856518494 1.5290784801002915 0.004466401476198832 0.0681311522227351 -3117.449148088618
 7.49862939196713 17.190941547803583 -6.87529527609279 1.5248427962528905 0.004468029463343114 0.0681398471231486 -3117.6639170116723
 7.499725854343557 17.1803463229512 -6.875985835614768 1.5209258625482613 0.004468839222286768 0.06814215824323198 -3111.2169170868665
 7.502740194157274 17.15758307430103 -6.877717281445582 1.529154124011384 0.004471083156477448 0.06814500173199926 -3112.0299522596156
 7.507120274647511 17.100225204877052 -6.8802457467086295 1.5379807645870764 0.004474314261180189 0.06815859519003324 -3111.7446675677916
 7.513680788509387 17.028959746724105 -6.883972269517188 1.5453991724873357 0.004479073278760609 0.06816655185110032 -3097.7594947484085
 7.5224102263723065 16.920688829960636 -6.888746136701251 1.5529047122042572 0.004485259108634957 0.06818136417135431 -3098.45804617981
 7.533293273835977 16.802340533221663 -6.894457215952702 1.560159996889099 0.0044927434513814864 0.06818548367072494 -3075.8606275016
 7.546310838337064 16.641534489631976 -6.90091318531391 1.567653226559181 0.004501376024839717 0.06819962963395314 -3076.557433631102
 7.561440082644032 16.475987877602922 -6.907999382089382 1.574796448477412 0.0045109904645880255 0.06819999003558626 -3045.757438974774
 7.578654464921417 16.26477944177062 -6.91542586214122 1.5821328049199836 0.004521411043586401 0.06821297439258546 -3046.297423220995
 7.597923785293217 16.052549162268104 -6.923247399077882 1.5891260369403755 0.004532458763201168 0.06821083068931653 -3007.9554118638785
 7.619214238823742 15.793429874188776 -6.93093600833573 1.5962398445775985 0.004543959435846837 0.06822270837004786 -3008.164982114628
 7.642488474822953 15.535619057828406 -6.939007624695266 1.603057787303726 0.004555746338190145 0.06821911486145402 -2963.041337071323
 7.667705662372269 15.231569780772897 -6.946447820317911 1.6098665770787899 0.004567672252055722 0.0682299370770138 -2962.788067031253
 7.694821561955871 14.93004584894958 -6.954596828247881 1.6164799515055512 0.004579601371320001 0.06822562441870113 -2911.7036251106924
 7.723788603071846 14.584616918268914 -6.96166588264844 1.622911040306525 0.004591433352808714 0.06823538625971297 -2910.920766647783
 7.754555967687008 14.242185957688164 -6.970093940784068 1.629281724130627 0.004603073177732107 0.06823086778040419 -2854.7302531886185
 7.787069679389003 13.859616811488369 -6.977133894105108 1.6352868177110307 0.004614480929603284 0.06823952415597552 -2853.4339320293
 7.82127269807927 13.480130907089855 -6.986316964982189 1.6413687758996531 0.004625607357830302 0.06823518297222601 -2793.011429677514
 7.857105020040764 13.065429688780387 -6.993966061724537 1.6469255262417954 0.004636483505774562 0.06824267554417149 -2791.3094546423517
 7.8945037832048595 12.653731628749313 -7.004335463832279 1.6526648193420341 0.004647114459065653 0.06823880244828814 -2727.5432929000904
 7.933403377432782 12.212509806881785 -7.013026266172822 1.6577643575977525 0.0046576146528133555 0.06824509054989837 -2725.632377029101
 7.973735559618085 11.774023753217007 -7.0243780819789015 1.6630925415133735 0.004668061066344667 0.06824188804588477 -2659.415030426313
 8.015429573408246 11.311788659825629 -7.033505642710372 1.6677129904935628 0.004678665926882913 0.06824697562257928 -2657.5594623895395
 8.058412273335357 10.851480311575143 -7.044135504791118 1.6725312567571349 0.004689597808681113 0.06824455065863268 -2589.7483991980703
 8.102608253138127 10.37213707801811 -7.051034934445719 1.6766004299589332 0.004701170850876566 0.06824849710539459 -2588.225879103907
 8.147939978050086 9.89266288496393 -7.056761280285793 1.680758211536046 0.004713643693280967 0.06824686450071674 -2519.551164723197
 8.194327920821916 9.396285512923605 -7.055847583357624 1.6841155961913457 0.004727398476662342 0.06824976548192489 -2518.547225298634
 8.241690701239264 8.895568271384272 -7.049373058704321 1.6873970341447155 0.004742726722677948 0.06824888179414823 -2449.455830360795
 8.289945228891302 8.376110572012674 -7.032065754893953 1.6897754431009622 0.004759969391508653 0.06825080787665112 -2448.8975199232736
 8.339006848939523 7.8452939431957365 -7.003430937783556 1.6919166049068997 0.004779308162877798 0.06825065044433533 -2379.356849343382
 8.388789490631117 7.289692146320097 -6.959697296115057 1.6929734696071117 0.004800827194500475 0.06825153945727078 -2378.7073678718157
 8.4392058182963 6.713204262484571 -6.898753403581963 1.6937365113024776 0.004824365364453998 0.06825223385488165 -2308.043409441682
 8.490167384564764 6.103954329056384 -6.8211155412928655 1.6931670778528707 0.004849425134321621 0.06825175047001247 -2306.1340484479174
 8.541584785532415 5.463875665505848 -6.722835810104726 1.6924884673432041 0.00487522235944775 0.06825372824898597 -2233.048296235787
 8.59336781760621 4.787212523331557 -6.613305377973911 1.6902396040277778 0.004900301969698705 0.06825113173632608 -2228.0952993106716
 8.645425635751895 4.073810711598686 -6.486060291716426 1.688439847692354 0.004923052492859753 0.06825526909673912 -2151.0692878812006
 8.697666912867081 3.3344355278099647 -6.365211339376381 1.6849985400554859 0.004940807338232563 0.06824936231501164 -2141.082241464287
 8.75 2.5627884223295094 -6.24018647699831 1.6829780132281036 0.004951244634565032 0.06825701495113574 -2059.3784038339973
 8.802333087132919 1.802649483157784 -6.154791952651626 1.6796161550107094 0.004950684306109377 0.06824627211043241 -2043.1341396245218
 8.854574364248105 1.0306306764136335 -6.091143219959486 1.6788693510920176 0.0049368713636655055 0.06825909530925547 -1958.4155141544857
 8.906632182393789 0.3429045341854269 -6.112959096194595 1.6776101946323996 0.004906139625606066 0.0682420647492493 -1936.925456149894
 8.958415214467585 -0.3211842763347989 -6.189842327917572 1.6798386045249882 0.004857890785283463 0.06826151471599173 -1855.042971056182
 9.009832615435236 -0.7983589181533879 -6.3967758163434 1.6828913021081109 0.0047903177021188575 0.06823754489480977 -1832.955441316941
 9.0607941817037 -1.2141190957890673 -6.685226866291045 1.6891302299085647 0.004706301206560015 0.06826402923743692 -1764.8368035757564
 9.111210509368883 -1.337458495605591 -7.123242988118493 1.6977921555780815 0.004607641279983299 0.068234246922406 -1750.7656794678355
 9.160993151060477 -1.382514746577854 -7.643099328480745 1.7073708094913203 0.004501317760038323 0.06826605391223986 -1711.1160655366418
 9.210054771108698 -1.0700089895943914 -8.283817397068681 1.720899775556227 0.0043929368512315905 0.06823431654095691 -1716.0038249955098
 9.258309298760736 -0.7017360435361253 -8.968020851344058 1.7309603613748137 0.004291928770302761 0.06826669714551499 -1719.2387936880373
 9.305672079178084 0.009887865756980134 -9.68875829186122 1.7461940396605111 0.004205921382389022 0.06824000080882761 -1752.794834213327
 9.352060021949914 0.7201458653482997 -10.379132630095473 1.7523234676313257 0.004143733918026943 0.06826501798940479 -1807.0623700800588
 9.397391746861873 1.6656062917555086 -10.979462266606195 1.7643649139721747 0.004112545450471959 0.06825274384928051 -1873.4955680623661
 9.441587726664643 2.5469182660865664 -11.45521817408112 1.762084266334599 0.004118133063221138 0.06826051357563935 -1974.7313721138587
 9.484570426591754 3.4731318691416773 -11.697923323362877 1.7656270182268363 0.004165499959343759 0.06827213526253037 -2069.4329080626912
 9.526264440381915 4.299297525804106 -11.719766072427904 1.7519747179906784 0.004256481646584126 0.06825364039115918 -2197.434057742266
 9.566596622567218 4.925595523430803 -11.380629897340796 1.7427719965353436 0.004392973054787256 0.0682951509910832 -2305.9082464915323
 9.605496216795139 5.457866772958414 -10.742736435282747 1.7174882254860417 0.004572735372194037 0.06824600322435856 -2424.212158643115
 9.642894979959236 5.529676508777727 -9.667230153770731 1.6937947719627788 0.004793569624791921 0.06831619019212806 -2524.3922346571744
 9.67872730192073 5.548011718924068 -8.255137864609235 1.6598175390518937 0.005048534973046575 0.06823988037694918 -2585.9442417589567
 9.712930320610997 4.880299359009576 -6.411279719397862 1.6234250892103494 0.005329370248126227 0.06832826376396543 -2654.6776554917465
 9.745444032312992 4.211815170701337 -4.245307937712744 1.5862964858756086 0.005622186380469886 0.06823698612004989 -2614.0293200016013
 9.776211396928154 2.724531603043766 -1.7455570883486284 1.5425487351105225 0.005908886477841356 0.06832515503438656 -2636.1916112421086
 9.805178438044129 1.2773452915210841 1.0123229589379312 1.5087960668679072 0.006164289157498542 0.06823684061352628 -2465.195287101714
 9.832294337627731 -0.975935484556237 3.9276230336977322 1.4655111725738892 0.006355639868283386 0.06830370679527412 -2440.9852338725063
 9.857511525177049 -3.1663247412772004 6.993706125480351 1.4408686149069871 0.006443486943587809 0.06823576375786618 -2141.9987046155697
 9.88078576117626 -5.9685156086096365 9.985098490952957 1.4066434310083578 0.006382592742114373 0.0682652521374313 -2088.200544934314
 9.902076214706783 -8.678657875453188 12.972721169300632 1.3948610847862712 0.006131694713296825 0.06822784916194825 -1699.3290528169541
 9.921345535078583 -11.630753573997179 15.624075780843583 1.3769207904428074 0.005660801835994328 0.06821595227204992 -1643.0554517134917
 9.938559917355967 -14.431597765807698 18.074111564712084 1.3789092716839129 0.004969897623934604 0.06820885886331379 -1231.2834706647218
 9.953689161662936 -17.039045248124776 19.96815820841276 1.3803374416504806 0.004095867279751929 0.06816686709861294 -1196.6584215620755
 9.966706726164023 -19.440571522612693 21.500981291268655 1.3933389200521658 0.0031199710152963033 0.06818148418679482 -836.5404074119419
 9.977589773627695 -21.349717084361142 22.451366040131564 1.411133641351726 0.002151793959551281 0.06813171987091544 -829.5144258384854
 9.986319211490613 -23.032345540899147 23.05667470765363 1.4296714965566624 0.0013042318218870006 0.06815346378895369 -575.7562967702374
 9.992879725352488 -24.157563285709866 23.307873014347113 1.4567652646141434 0.0006584088038349484 0.06811531825467226 -581.9828359020586
 9.997259805842727 -25.007004893434058 23.397481746323248 1.5168855334711853 0.00024398785488028926 0.06812721205140751 -455.76601540958757
 9.999451768811786 -25.378164441054793 23.40797142742351 1.5732838646041898 0.00004780856607073605 0.06811224351142056 -458.7185542787656
