 0.0005482311882135312 81.61051585271589 -0.00044921685679960566 21.382634607238764 9.552067094781908E-35 2.9393179402992907E-33 -3330.878489615382
 0.00274019415727332 81.61323785698966 -0.0022442040083239714 1.517001187503289 4.76686469145454E-34 1.529817974857793E-32 -3328.0087831127953
 0.007120274647511144 81.60940832545349 -0.005826512114179758 1.517149362458643 1.2334227124308098E-33 4.3754038148302525E-32 -3334.249411669373
 0.013680788509385776 81.62242167001293 -0.011185091516620994 1.5170172557522814 2.35399796718268E-33 9.704844111839128E-32 -3325.458802508967
 0.022410226372305896 81.62419370556665 -0.018246152717693153 1.516866537357954 3.8195102842398424E-33 1.9264741728172046E-31 -3339.0429156895466
 0.03329327383597702 81.66146134741885 -0.027048838125389944 1.5171110641196173 5.6062616974897194E-33 3.6438748550585583E-31 -3325.4221672560047
 0.04631083833706351 81.68785347701885 -0.037258981817164416 1.5169220142382458 7.675131754936945E-33 6.832896778238243E-31 -3347.8545869908253
 0.0614400826440323 81.77102953408867 -0.04912319714941836 1.5173266325079084 9.987752320970681E-33 1.2928773511929073E-30 -3331.3374083282306
 0.0786544649214172 81.84875546853917 -0.06174814118752944 1.5171892310988826 1.2491461248674088E-32 2.514366957635899E-30 -3364.521822333054
 0.0979237852932173 82.00419027202696 -0.07579152158862562 1.5176816249052205 1.5136605656668432E-32 5.044582099259345E-30 -3347.688308133718
 0.11921423882374141 82.16340124701533 -0.08955819377783816 1.5176215829697675 1.7847953906501087E-32 1.0530104786574138E-29 -3393.5834768268287
 0.14248847482295224 82.41638794999736 -0.10428814813046354 1.5181651516248145 2.0547265094181323E-32 2.28092064871297E-29 -3379.2385284675315
 0.1677056623722686 82.68335523140937 -0.11749221790379946 1.5181733368432744 2.309912227049441E-32 5.14284257462288E-29 -3439.290836814532
 0.1948215619558712 83.05041255279124 -0.13105585610254977 1.5187321968292602 2.671625944729669E-32 1.2013206861322674E-28 -3429.8399863790237
 0.22378860307184567 83.43896441862844 -0.14202849024252026 1.518779046690327 1.6454663962358446E-32 2.9094520353948697E-28 -3504.360321234799
 0.254555967687008 83.92128883006421 -0.1528326438942545 1.5193140363872555 1.2126738265455755E-31 7.273202461968487E-28 -3501.1881816627456
 0.2870696793890023 84.42729790293318 -0.16056797630895878 1.5193656613926678 -5.546618054524477E-31 1.8759983918551176E-27 -3588.9952460467334
 0.32127269807926995 85.00929632760733 -0.16790113052439523 1.5198447830050243 3.2309882229526365E-30 4.979075281783773E-27 -3592.167713268466
 0.3571050200407644 85.61177692823955 -0.17242561024852332 1.5198787070813768 -1.5223368800663077E-29 1.3565191130897105E-26 -3690.7459212560752
 0.39450378320486024 86.26579854782545 -0.17666042921158906 1.5202883210674556 6.535779285080407E-29 3.7973318029561804E-26 -3699.1965252493105
 0.43340337743278257 86.93389730632997 -0.17892965492037674 1.5203017477985845 -2.5492764301876086E-28 1.08496087339425E-25 -3805.2972851594827
 0.47373555961808467 87.62825182727649 -0.18125741081114669 1.52064998853802 9.204675103743286E-28 3.184809218127738E-25 -3817.349851787778
 0.5154295734082459 88.32985665272108 -0.18275102191017392 1.520658679597691 -3.1035413977750153E-27 9.488222606042101E-25 -3927.70872140327
 0.5584122733353573 89.03589299311867 -0.1847336796632361 1.520971148752423 9.865719489496789E-27 2.903220995308398E-24 -3941.6350302539754
 0.602608253138127 89.7438565012531 -0.1870578599073508 1.521003109380459 -2.9756884818426766E-26 8.97749699723407E-24 -4053.4991650180364
 0.6479399780500863 90.43971703232575 -0.19028354246522886 1.521315700748963 8.571689362645379E-26 2.8453807332082246E-23 -4067.893212958116
 0.694327920821916 91.13434746580613 -0.19495791308491991 1.5214048815577064 -2.3682491367789193E-25 9.092503840652956E-23 -4179.247102506476
 0.7416907012392653 91.80548994983532 -0.2009005542973772 1.5217579244712693 6.306337691849513E-25 2.9665000425727276E-22 -4193.165421573056
 0.7899452288913011 92.47416771358068 -0.20933237583712858 1.5219405570281683 -1.6228191359979772E-24 9.746970143443287E-22 -4302.708759352025
 0.8390068489395233 93.11200526375568 -0.2193729246551045 1.522375727737231 4.0515610397536545E-24 3.2538097468114543E-21 -4315.638027374552
 0.8887894906311168 93.74746061463647 -0.23294216444409474 1.5226892724826642 -9.82446537013285E-24 1.092799044420153E-20 -4422.630165157226
 0.939205818296299 94.3474653854964 -0.24846925017115476 1.5232487441086882 2.322697848973364E-23 3.7104801199032397E-20 -4434.3720262655415
 0.9901673845647623 94.94590407041261 -0.26865071536626184 1.5237322432758933 -5.348696654524586E-23 1.2655066566536255E-19 -4538.442547363038
 1.0415847855324147 95.50597451945595 -0.29117843558457374 1.5244588730986155 1.2058001671392937E-22 4.343485918597196E-19 -4548.985744751494
 1.0933678176062092 96.06562701830556 -0.3196569070181247 1.5251534322245577 -2.6482955783267195E-22 1.4940695214265165E-18 -4649.970010647051
 1.1454256357518955 96.58498633815402 -0.3509268656536963 1.5260908628557504 5.721618017726004E-22 5.1500822853976955E-18 -4659.387348480476
 1.197666912867081 97.10519297346026 -0.3896848319683495 1.5270393038133112 -1.1988659496767814E-21 1.7741531482433356E-17 -4757.2089532147875
 1.25 97.58376767597154 -0.4317377771414358 1.528231129186552 2.495379118422008E-21 6.100699129596785E-17 -4765.589904030408
 1.302333087132919 98.06448151223245 -0.48310535669994464 1.5294761501445469 -4.954727723787596E-21 2.0899329562712903E-16 -4860.188544414855
 1.354574364248104 98.50259148950089 -0.5383134510232066 1.5309635272069522 1.0054780973876773E-20 7.120063085766294E-16 -4867.6028104904835
 1.4066321823937904 98.94412348858071 -0.6049701163011827 1.532543885928209 -1.8443136594905973E-20 2.4085871334771392E-15 -4958.895563269862
 1.458415214467585 99.34231784048694 -0.6760188725770157 1.5343611379474456 3.7998228541853793E-20 8.074024679021936E-15 -4965.377078152464
 1.5098326154352377 99.74517839744823 -0.7609318922851811 1.536305515880902 -5.880042963328223E-20 2.6784957770651453E-14 -5053.239203858966
 1.560794181703701 100.10410156112566 -0.8507355487928774 1.53847343870954 1.4242247560998017E-19 8.7749966365418E-14 -5058.780190733438
 1.611210509368883 100.46884724546588 -0.9570142595483513 1.54079184687961 -1.2513176235910185E-19 2.835547415894555E-13 -5143.033986252284
 1.6609931510604765 100.78907490514354 -1.0685425708874163 1.543308673417998 6.156726986369129E-19 9.018679292273433E-13 -5147.581465893652
 1.7100547711086986 101.11611970829074 -1.199182958668199 1.5459816131951025 2.875772510375971E-19 2.820175014815853E-12 -5227.985501267044
 1.758309298760735 101.39795013507094 -1.3351730261630539 1.5488119853575266 3.661436818426819E-18 8.652513075289805E-12 -5231.436263873652
 1.805672079178084 101.68734261486858 -1.4926661450175824 1.5517781488827649 7.123075263380129E-18 2.601773923819097E-11 -5307.67153332247
 1.8520600219499133 101.93057143893618 -1.6551933222728878 1.5548410702129303 2.816569769311796E-17 7.652475767369225E-11 -5309.865736566638
 1.8973917468618728 102.18178181107743 -1.840979223267185 1.5579852385267248 7.424114888326219E-17 2.1992384331780352E-10 -5381.520178811531
 1.9415877266646429 102.38553758820346 -2.0308742523530663 1.561142946743885 2.2821624168001215E-16 6.1641107775798E-10 -5382.238867711872
 1.984570426591754 102.59735117300923 -2.2446523302903163 1.5642870181678121 6.230537310996999E-16 1.6831524911824384E-9 -5448.798105812832
 2.026264440381915 102.76012726327941 -2.4607935988353256 1.5673381336417023 1.7231382718531725E-15 4.469611003206371E-9 -5447.775996068855
 2.066596622567217 102.93079540813999 -2.6997699061410643 1.5702398704218004 4.512546790714825E-15 1.1529811549429227E-8 -5508.635424957796
 2.1054962167951397 103.0508535516441 -2.9383700887938793 1.5729218757246448 1.1539973548418263E-14 2.8844697556024158E-8 -5505.60464598343
 2.1428949799592356 103.17866633538438 -3.196644459222542 1.575287383790403 2.8293188104540755E-14 6.990288120373488E-8 -5560.121863450484
 2.17872730192073 103.25493823735873 -3.4507875827962162 1.577294386848787 6.69659784256107E-14 1.6384589264269665E-7 -5554.898274052382
 2.2129303206109974 103.3392731087325 -3.71921989885814 1.5788096779430116 1.5205106966858597E-13 3.709913218797014E-7 -5602.4965252021175
 2.245444032312992 103.37266593663927 -3.9790107530567265 1.579829037159526 3.315536039809694E-13 8.102821297460254E-7 -5595.099705257274
 2.2762113969281543 103.4152817881001 -4.245919398603345 1.5802105205522816 6.922697138739291E-13 0.0000017049753530589809 -5635.405610704556
 2.3051784380441287 103.40993136280473 -4.499512790195584 1.5799739312196812 1.3834985344592252E-12 0.000003451191161390422 -5626.16947266525
 2.332294337627731 103.41594331424663 -4.7522741166873566 1.579026966011303 2.6418571127808494E-12 0.000006711659730436235 -5659.1321726202
 2.3575115251770478 103.3797245686895 -4.987643015249786 1.5773604435968676 4.8167197483361E-12 0.000012519047192797543 -5648.741532713765
 2.3807857611762584 103.35764577236448 -5.214718674674924 1.5750253321777026 8.375316884446454E-12 0.000022362371253030095 -5674.66900183291
 2.4020762147067827 103.30149349090935 -5.42151000997327 1.5718780379945816 1.3878129550622236E-11 0.000038164507174316354 -5664.082610878934
 2.421345535078583 103.26217641533387 -5.614057427333 1.5682437018903688 2.1893745410826772E-11 0.00006209871191272524 -5683.569281467957
 2.4385599173559678 103.19842932987875 -5.784759538525528 1.563686630648221 3.285061294947613E-11 0.00009603375833931937 -5673.855791177273
 2.453689161662936 103.15336055094885 -5.9372039483951475 1.5589664807169752 4.682178555615387E-11 0.00014083094425254624 -5687.636029870135
 2.466706726164023 103.09383486347208 -6.067263018439672 1.5531708793335495 6.330553384063942E-11 0.00019526070304420328 -5679.799820208722
 2.4775897736276944 103.0534758591853 -6.17665053460723 1.5476635226457849 8.11079563238566E-11 0.00025568835201911417 -5688.583189451682
 2.4863192114906143 103.0078855391033 -6.26314721326412 1.5408644807442728 9.846521828675105E-11 0.00031593947861954954 -5683.462943796711
 2.4928797253524886 102.98056199290852 -6.327107269067178 1.5351037691470084 1.1342253611333543E-10 0.00036884985307606793 -5687.736537122817
 2.4972598058427264 102.95521911422667 -6.368154812376758 1.527391247928655 1.2430100964476235E-10 0.0004079481578913912 -5686.230183841913
 2.4994517688117863 102.947045311648 -6.387985405314659 1.5204748656054765 1.2999407841745303E-10 0.00042816886717671253 -5684.920282745028
 2.5013706080328704 102.94059773686102 -6.406682335391035 1.5216933663033085 1.3543250334988674E-10 0.0004461409993710179 -5687.107827110161
 2.5035630518410876 102.92865538554071 -6.428570822048267 1.5257341252413252 1.420053358796756E-10 0.0004681078980669347 -5686.653164911163
 2.50685051540278 102.91186159980829 -6.4613491774694385 1.5291286886680329 1.524319114850973E-10 0.0005016998572407125 -5686.652734626339
 2.511231556727778 102.8880764680119 -6.505003261551213 1.532949561991559 1.674616957072598E-10 0.0005476504405253916 -5687.123994885646
 2.516704254146561 102.85895745304767 -6.559369154865035 1.5364761699339764 1.8821873069107523E-10 0.0006068181380931596 -5686.469031338953
 2.523266207153167 102.82096341465457 -6.624507448986179 1.540457222657151 2.163308575983203E-10 0.0006795082856944629 -5687.542296221172
 2.530914537458133 102.7777169762442 -6.699940060749635 1.5442046668567908 2.541234972402195E-10 0.0007666488921557473 -5685.840784594613
 2.539645890251008 102.72292898968608 -6.7860153521530755 1.5483782146144054 3.0490627001965957E-10 0.0008681039848968314 -5687.558534413954
 2.549456435671882 102.66288970704527 -6.881574416591449 1.5524267578574773 3.733971812347666E-10 0.000984794499745246 -5684.356429600881
 2.5603418704912926 102.58807990547675 -6.9876097898578555 1.5568215210502965 4.663459102433741E-10 0.0011162192264604451 -5686.677219627074
 2.572297419997761 102.50781643032182 -7.101757545800099 1.5612301530873052 5.934613075464724E-10 0.001263247418156877 -5681.511550429477
 2.5853178400921384 102.40921638839578 -7.226138595288485 1.5658761526353502 7.687678581577787E-10 0.0014251735023548013 -5684.3029677341
 2.5993974195878433 102.30467666142091 -7.356551039633436 1.5706785357197746 1.0126429340307779E-9 0.001602739795935181 -5676.728004588987
 2.6145299827159736 102.17816567882211 -7.496806043063141 1.5756008821340612 1.3547555392024554E-9 0.0017952229957463473 -5679.780694192356
 2.6307088918342068 102.04491014839635 -7.6402125896234345 1.5808023158854139 1.8385224622473314E-9 0.0020031377324985183 -5669.398517341466
 2.647927050338284 101.88628651935616 -7.792833278557382 1.5860124095402894 2.527346367512971E-9 0.0022259171250536645 -5672.452514497079
 2.6661769057748215 101.71981522858336 -7.944939033627962 1.5915872010240613 3.514174124995854E-9 0.002463747683399566 -5658.94994468712
 2.68545045315406 101.52513143489475 -8.10531031512026 1.5970739078337366 4.934168505839804E-9 0.002716356014831793 -5661.73146620554
 2.705739238461123 101.32127563657522 -8.260858570524128 1.6029638904315482 6.984439754989067E-9 0.00298352451693359 -5644.919127623591
 2.7270343623642246 101.08718656430096 -8.423362319202266 1.6086868807690622 9.947933175478124E-9 0.003265360000464875 -5647.183285246376
 2.7493264841182095 100.84249611259871 -8.576375624346399 1.6148023192480183 1.4231925538151174E-8 0.0035612035466124456 -5627.028530438392
 2.7726058256617154 100.56654311066062 -8.734700591120903 1.6206895065565796 2.0408225132677046E-8 0.003871575368662146 -5628.599794570677
 2.796862175906152 100.27857681406022 -8.878894608252608 1.6269134440539528 2.9283311358707827E-8 0.004195380615688851 -5605.243590259044
 2.822084895214622 99.95932918466302 -9.026525878235358 1.632863650889598 4.195547942982834E-8 0.004533537441323863 -5606.04428217579
 2.8482629200688185 99.62676686266377 -9.155835166867563 1.6390599415655212 5.993416955400672E-8 0.0048845586333015785 -5579.7944687211275
 2.875384767921848 99.26377592274766 -9.286636174605189 1.64495061230089 8.520096548233325E-8 0.005249706291867885 -5579.853843666502
 2.9034385422348565 98.88632088737259 -9.395750994871264 1.6509747859072275 1.2040195558108394E-7 0.005627173170882205 -5551.15326124227
 2.9324119376952456 98.47989933940949 -9.50451919397439 1.6566732420898886 1.6887390091158627E-7 0.006018485444489435 -5550.595354050192
 2.9622922456141856 98.05800702538225 -9.589328160454864 1.6623844904351286 2.3494552281605886E-7 0.006421605375437091 -5519.970650583502
 2.9930663595010705 97.60890121762071 -9.67221745043941 1.6677604453480286 3.238549315440751E-7 0.006838230351814926 -5518.98538944066
 3.024720780812455 97.14342142599519 -9.730083032711192 1.6730327824825586 4.42218413158555E-7 0.007266187480339249 -5486.987515142865
 3.0572416248729635 96.65247113380794 -9.784832251013864 1.6779698461515806 5.977275875892758E-7 0.007707251028657232 -5485.793771789394
 3.090614626965568 96.14430635087949 -9.814676148304152 1.682700883780564 7.998775658719142E-7 0.008159204233953362 -5452.942208451546
 3.1248251485885614 95.61217806912923 -9.840638089620962 1.687105429781182 0.000001059301813565875 0.008623811614541226 -5451.752081403141
 3.1598581838764925 95.06203887469489 -9.8428582078023 1.6912219386835663 0.0000013888862877107238 0.009098892299240123 -5418.492067325775
 3.1956983661822314 94.48908452542386 -9.840865059929852 1.6950285749622591 0.000001802585742360749 0.009586128586859385 -5417.4833743251775
 3.232329974817289 93.89738163905712 -9.81713124608386 1.6984887256194952 0.0000023170701235092853 0.010083438868653214 -5384.160666538026
 3.2697369419474325 93.28363320006557 -9.789250897627799 1.7016623643631323 0.0000029498757053544195 0.010592368665268172 -5383.460994724365
 3.307902859640566 92.65050364837052 -9.74223176995145 1.7044550424864744 0.0000037217181333328284 0.01111098022680044 -5350.314119168273
 3.3468109870637957 91.99578054632237 -9.691468664572717 1.706990039137998 0.000004653870748946949 0.011640647008783048 -5349.996401714894
 3.386444257826506 91.32121560571355 -9.624533942091666 1.709131875759474 0.000005771226556413789 0.012179600670393873 -5317.163146855293
 3.4267852874662497 90.62530282324158 -9.554517039463411 1.7110489168132212 0.000007098865796983699 0.01272902602416069 -5317.250463087044
 3.4678163810741434 89.90933180093532 -9.471447174144583 1.7125797277206578 0.000008665859785039101 0.013287331990632305 -5284.783889721729
 3.5095195410564397 89.1721824001818 -9.38613422483591 1.7139211828895318 0.000010501085400970487 0.013855514921761989 -5285.260179392904
 3.5518764750288687 88.41506667713998 -9.290857539091679 1.7148984707255743 0.000012637650939960435 0.014432153593476563 -5253.149340592314
 3.59486860384028 87.63698884047143 -9.194273735514997 1.715722878022136 0.000015108124824839956 0.015018070038439147 -5253.972720164726
 3.6384770697220743 86.83938996660926 -9.09064280937265 1.7162159760058477 0.000017949347679647304 0.015611993252208635 -5222.164077026818
 3.6826827445598416 86.0211907520077 -8.986664028704759 1.7165922513231 0.000021197348996577914 0.016214595875288312 -5223.280051896896
 3.7274662382835873 85.18428973065221 -8.878277506999526 1.7166766051516558 0.000024892212321795523 0.01682472843912747 -5191.696738622651
 3.772807907372856 84.32736129813443 -8.770463068949267 1.7166784780987348 0.00002907303803204745 0.017442946758866623 -5193.049465580431
 3.818687863473029 83.45291963244776 -8.660535216114955 1.7164304719291228 0.000033782468136066244 0.018068188160107492 -5161.606750348979
 3.8650859821190133 82.55926577573763 -8.552011172741556 1.7161315456919615 0.00003906209971418842 0.018700929019435066 -5163.147368033707
 3.9119819115624996 81.64962991044266 -8.443288380831897 1.7156241726840604 0.00004495626382542023 0.019340155210567315 -5131.763672130577
 3.9593550816989085 80.72183968501737 -8.336679047760748 1.7150938851898294 0.000051508292915539184 0.019986303582413066 -5133.455437830825
 4.007184713090121 79.7798979936658 -8.231399652316725 1.7143934427816083 0.00005876318744398238 0.02063836877861312 -5102.059027041977
 4.055449826079023 78.82107852152826 -8.128802165244798 1.7136940749787803 0.00006676509034319782 0.021296788883536276 -5103.8795126173345
 4.1041292499918836 77.85018381373732 -8.028693409005148 1.7128579395572172 0.00007555855944130602 0.02196052733554885 -5072.411450496147
 4.153201632424501 76.86386623428604 -7.931687737982008 1.7120426878027712 0.00008518750977833411 0.022630064038625743 -5074.352352369461
 4.202645448608086 75.86773744066525 -7.837991863064897 1.7111181086349783 0.00009569492705341889 0.023304291770994794 -5042.766537580112
 4.252439010850726 74.85776924281109 -7.747677250778592 1.7102301285717203 0.00010712341771803564 0.023983772220661736 -5044.831774545775
 4.302560478050328 73.84038440426147 -7.661197791406559 1.7092538923629261 0.00011951333181278266 0.0246672887460438 -5013.092928913573
 4.35298786527485 72.81081900229381 -7.5782461932246745 1.7083261445314988 0.00013290492843431894 0.02535552421664759 -5015.29568313786
 4.403699053405612 71.77630894957997 -7.499405680948607 1.7073249094585428 0.0001473350078063773 0.026047114251293777 -4983.376074110149
 4.454671798839481 70.73130029097877 -7.42412343672551 1.7063805979885336 0.0001628405737258049 0.02674290215295694 -4985.7353252847115
 4.505883743245645 69.68384930933045 -7.353024777421143 1.7053716807743713 0.00017945418874555085 0.02744133736705521 -4953.610852300851
 4.557312423372716 68.62755624639979 -7.2854151868190655 1.7044250732857145 0.00019720891117981472 0.028143463390709923 -4956.147807164942
 4.608935280901857 67.57131317191259 -7.221900608861238 1.7034174885287945 0.00021613267188985672 0.028847504231928223 -4923.793900907998
 4.660729672341605 66.50781572712029 -7.161721944192081 1.702474929077056 0.00023625419303202727 0.029554744603911477 -4926.5285643240895
 4.712672878960053 65.44681662492721 -7.105425277647531 1.7014705159212837 0.0002575967329514829 0.030263142235608022 -4893.916172293897
 4.764742116750039 64.38004430699183 -7.052240684928629 1.700531482098735 0.00028018466406257804 0.030974266064863226 -4896.864163607629
 4.816914546422964 63.31814621234394 -7.0026304961269465 1.6995259981959623 0.00030403694147938804 0.031685764464260115 -4863.955943343923
 4.869167283426858 62.251817186862304 -6.9558479433977025 1.6985840981447755 0.00032917403080438563 0.0323995361748454 -4867.125544161071
 4.9214774079843036 61.19264128841782 -6.912260538255624 1.6975682062444375 0.00035561142842164916 0.03311287444158096 -4833.872265589923
 4.973821975145803 60.130210380957614 -6.871162370075917 1.6966120549801535 0.00038336668566342746 0.033828056290144314 -4837.261596916614
 5.078522592015696 58.021705544762774 -6.796587714088016 1.6945861253923167 0.0004428874249728449 0.03525732589211914 -4807.192842817876
 5.130832716573141 56.97765090218143 -6.762632615070462 1.693505127121849 0.0004746827211193232 0.03597055485278266 -4773.036858136404
 5.183085453577036 55.93210381793215 -6.730339447773016 1.6924699113038848 0.0005078567204574304 0.03668484810896963 -4776.804911827654
 5.235257883249961 54.89974567256921 -6.69981298947631 1.6913277798324406 0.0005424260191854761 0.03739613224181837 -4742.050053336352
 5.287327121039947 53.86644554064663 -6.67046104136861 1.6902210534639253 0.0005784131202335734 0.038108135475119355 -4745.941573757598
 5.3392703276583955 52.84800534763198 -6.642330091269495 1.6889955231864553 0.0006158419412637787 0.03881622310827918 -4710.455913313504
 5.391064719098143 51.8289366758622 -6.614839873732148 1.6877925572999173 0.000654745001502254 0.03952471556920361 -4714.397272138903
 5.442687576627284 50.826190262002086 -6.588003993967842 1.6864599643547125 0.0006951593331714468 0.040228365609534585 -4678.019073738188
 5.494116256754355 49.822890586125645 -6.561238246229502 1.6851346138108987 0.0007371343391193836 0.04093213579799515 -4681.909518241115
 5.545328201160519 48.837148430113054 -6.534557110892114 1.683671170110992 0.0007807277539967119 0.04163012063540099 -4644.444027703127
 5.596300946594388 47.850706361981615 -6.5073612926048865 1.6821974257113512 0.0008260145460500236 0.04232796618267908 -4648.152155596099
 5.64701213472515 46.882824620415406 -6.479710307245651 1.6805811934594004 0.0008730822863889298 0.043019073484573754 -4609.369771571148
 5.697439521949672 45.9139209454776 -6.45098830900585 1.6789355974693336 0.0009220412719142691 0.0437097987887262 -4612.73139209693
 5.747560989149274 44.96436768303301 -6.421355679070476 1.6771493896943066 0.0009730182471514985 0.044392831588263015 -4572.36862515058
 5.797354551391914 44.01338633587392 -6.390192440528524 1.6753144880783903 0.0010261674936578996 0.045075242752624534 -4575.187489638618
 5.846798367575499 43.08239062048639 -6.357825844312686 1.673349716810061 0.0010816613661974348 0.04574901759308283 -4532.952570831473
 5.8958707500081164 42.14962441279025 -6.323659546633364 1.6713184215009733 0.00113970150605546 0.04642191494669698 -4535.0058060740075
 5.944550173920977 41.23742766305273 -6.288257233890646 1.6691795136173335 0.001200504314363458 0.04708525854833497 -4490.590983782372
 5.992815286909879 40.32338695852769 -6.251085863866298 1.666959753176045 0.0012643109579303245 0.04774742810624456 -4491.641032193923
 6.040644918301091 39.430590738811624 -6.21300531132418 1.6646682050243191 0.001331366067683105 0.048399173881597396 -4444.743212766509
 6.0880180884375 38.5363890606436 -6.173587868646336 1.6622866657062265 0.001401925192055538 0.04904938020768234 -4444.557408959325
 6.134914017880986 37.664352382263566 -6.134019963022117 1.6598832967848294 0.001476226035482347 0.04968836663811804 -4394.9076102813315
 6.181312136526971 36.79209709000091 -6.094009085175726 1.6573866446780514 0.0015544927808501465 0.050325350279228145 -4393.285045261299
 6.227192092627144 35.943290160467456 -6.055047233619993 1.654930425815059 0.00163690117284681 0.0509504233750029 -4340.6850931971785
 6.272533761716413 35.096364756285794 -6.016979279567544 1.652382455245269 0.0017235806700396851 0.051572905984563946 -4337.488233315509
 6.317317255440159 34.27455451409907 -5.9815130816121975 1.649944698314009 0.0018145772591583514 0.052182927582945085 -4281.850527523214
 6.361522930277926 33.45766340253636 -5.9485952695588455 1.6474185842253994 0.0019098562381573328 0.05278962678629466 -4277.036623746711
 6.405131396159719 32.667810417767015 -5.919986867533716 1.6450723933929239 0.002009268936000349 0.053383489133648196 -4218.420311739517
 6.44812352497113 31.886686037734663 -5.895665083198782 1.6426386235220676 0.0021125601740675033 0.05397314292548939 -4212.065759442352
 6.49048045894356 31.134486733555658 -5.877224658927102 1.6404451503397388 0.002219345881987567 0.054549787749666505 -4150.70126682172
 6.532183618925856 30.395240160390014 -5.864585822411112 1.6381574527524068 0.0023291289161066816 0.05512118490277757 -4143.0117325122255
 6.5732147125337494 29.68635084874717 -5.85893960330022 1.6361521648721062 0.002441292953217018 0.055679622411673645 -4079.3063018160256
 6.613555742173494 28.9945664911086 -5.86007946391461 1.634035172000646 0.0025551278172687006 0.0562316320197968 -4070.607393923859
 6.653189012936204 28.333669597814403 -5.868591132765383 1.6322182519233346 0.0026698409970191137 0.056770953297236186 -4005.127604809263
 6.692097140359433 27.693461582546046 -5.8841268987957696 1.6302609172658464 0.002784589531039618 0.05730254512387969 -3995.835161753921
 6.730263058052568 27.08342726144928 -5.906552623236561 1.6285952876883039 0.0028985054221931294 0.05782192207874003 -3929.267820561428
 6.767670025182711 26.496729918608576 -5.935442941935802 1.6267526357915845 0.0030107272688634163 0.05833217159653268 -3919.8423916757483
 6.804301633817769 25.938130347625084 -5.969943750072665 1.6251707924565202 0.0031204320552728816 0.05883084273157989 -3852.9409406733726
 6.8401418161235075 25.404442115625514 -6.009685466829074 1.6233737413171498 0.003226858228021255 0.059318920359367186 -3843.8356534103063
 6.875174851411439 24.895568516238765 -6.053200131419551 1.6217914247935246 0.003329335688757096 0.059796166499494444 -3777.3630177750215
 6.909385373034432 24.41221596264709 -6.100337801346592 1.61996147021312 0.0034272939085249906 0.060261316731669165 -3768.9757170715984
 6.9427583751270365 23.94957147745738 -6.149190886790938 1.618293806511287 0.003520284544738848 0.06071643506238551 -3703.654637505872
 6.975279219187545 23.51237893099999 -6.199968853991019 1.616357856099666 0.0036079725646139984 0.061157954353119916 -3696.293212312452
 7.0069336404989295 23.09146193032461 -6.250518951922612 1.6145331918063597 0.0036901500484428145 0.06159023910088622 -3632.771699591809
 7.0377077543858135 22.69559289689822 -6.301480330643999 1.6124344807349438 0.0037667129845983566 0.062007460000652194 -3626.636938529831
 7.067588062304754 22.311720400159846 -6.350632707760381 1.6104027415918976 0.0038376682601992773 0.06241619420096154 -3565.471289574079
 7.096561457765143 21.9524479375167 -6.399026631833642 1.60810592756785 0.0039031018176056914 0.06280847889542542 -3560.6565845698024
 7.124615232078153 21.601411588401778 -6.444517880394971 1.6058408068883472 0.003963182241437729 0.06319293670495787 -3502.309694276399
 7.1517370799311815 21.274657066453695 -6.488471541428809 1.6033316748771074 0.004018126608617756 0.0635596787578332 -3498.8133580143217
 7.177915104785377 20.953109444999505 -6.5289276107556695 1.6008279709701847 0.004068203557999553 0.06391913445769219 -3443.6633763432465
 7.203137824093847 20.65570261997828 -6.567420186879091 1.59810960752723 0.00411370194175 0.06425976525889518 -3441.408028256393
 7.227394174338285 20.361277458168832 -6.6022505985703654 1.5953778906305713 0.004154934809117833 0.06459350447648973 -3389.762004031239
 7.25067351588179 20.09098052468178 -6.6349644200057245 1.592465456482739 0.004192213918045777 0.0649075008160131 -3388.6160267149558
 7.272965637635775 19.822216639101377 -6.6641729556405895 1.589526075014785 0.004225854707591446 0.0652148308313679 -3340.724349687318
 7.294260761538877 19.577597331455443 -6.6912961538259905 1.5864417946469511 0.004256157738509437 0.06550172113271041 -3340.5218997047878
 7.31454954684594 19.33375581608149 -6.7152747653488465 1.583319553712788 0.0042834140041092 0.06578197906602577 -3296.591109381147
 7.3338230942251785 19.11399523590084 -6.7373080656365225 1.58008879122141 0.004307892900517693 0.06604134691189265 -3297.148758266145
 7.352072949661716 18.894846666750986 -6.75665573514912 1.5768089341537914 0.004329847145473679 0.06629390558473107 -3257.3518510126296
 7.369291108165793 18.69954473840528 -6.7742517288013415 1.5734575918114486 0.00434950605083495 0.06652538769247421 -3258.4812000922784
 7.385470017284026 18.505176414867943 -6.789637011378347 1.5700432233413075 0.004367079621210604 0.0667496520238125 -3222.9655457978088
 7.400602580412157 18.33418925388512 -6.803481932869034 1.5665962951421268 0.004382755641381359 0.06695290490623645 -3224.4820150425558
 7.414682159907862 18.164855646736175 -6.815551741939478 1.5630671163471006 0.00439670291043598 0.06714823099045023 -3193.375343465395
 7.427702580002239 18.01817558460739 -6.8262883100933305 1.5595480345643578 0.004409070770924475 0.0673227043039721 -3195.103864823186
 7.439658129508707 17.87419548595029 -6.835615650020112 1.5559201261119089 0.004419991640133689 0.0674879204569601 -3168.5186380909718
 7.450543564328118 17.75187041030602 -6.843798905478519 1.5523505205774861 0.004429581813319317 0.06763192068651779 -3170.29735702639
 7.460354109748992 17.63356429568335 -6.850857723608427 1.5486371017497114 0.004437943359182733 0.06776387561123115 -3148.333307989227
 7.469085462541867 17.535647709877843 -6.8569337826774115 1.5450364582592502 0.004445165207740258 0.06787281179350614 -3150.017063634664
 7.476733792846833 17.443307318792378 -6.862090622769859 1.5412517079168322 0.004451324337123517 0.06796538178501584 -3132.760218237914
 7.4832957458534395 17.369827574338238 -6.866391586597321 1.5376344335467325 0.004456486547276205 0.06803337081697536 -3134.2286307000345
 7.488768443272222 17.303714513564234 -6.869909379685616 1.5338138782374424 0.004460707059135414 0.06808359767957232 -3121.737769089147
 7.49314948459722 17.25462591783471 -6.872661565564003 1.5301700186407694 0.004464030981007245 0.06811378826619173 -3122.9365792439635
 7.496436948158912 17.21503938911691 -6.87471297551399 1.526721003003849 0.0044664936980445815 0.06813205744626516 -3115.135003719321
 7.49862939196713 17.189175355382613 -6.876053682134594 1.522666863166204 0.004468121276505436 0.0681408064278996 -3116.991810598018
 7.499725854343557 17.178470417990688 -6.8767445873048265 1.518533067920847 0.004468930830074662 0.06814318115249983 -3108.9371450668987
 7.502740194157274 17.15555802996974 -6.8784525225109965 1.5275773548157154 0.004471174173766697 0.06814604114013138 -3110.549012028505
 7.507120274647511 17.097425040520182 -6.88114076603307 1.5358049952524933 0.004474404397275881 0.06816001367144695 -3110.3597763465013
 7.513680788509387 17.028144258880626 -6.8846671619492 1.5430585954010656 0.0044791621528783776 0.06816711368985322 -3095.6156849875724
 7.5224102263723065 16.919043779797146 -6.889705570865642 1.5507289362407366 0.004485346143525967 0.06818205028795943 -3097.6523785352692
 7.533293273835977 16.800387178834935 -6.895143662761695 1.558012653524723 0.004492828474663182 0.06818680156239863 -3073.599138536853
 7.546310838337064 16.640686438561985 -6.901922140599094 1.5654772803465333 0.004501458237223975 0.0681998672726897 -3075.5976727295783
 7.561440082644032 16.47326627838485 -6.908686769486128 1.5726820959676875 0.004511070177560073 0.06820180456269676 -3043.776564609854
 7.578654464921417 16.26446380935696 -6.916455267644132 1.5799565332604424 0.0045214872180925295 0.06821298477395651 -3044.965398942164
 7.597923785293217 16.049326328841342 -6.92391655258036 1.587014249460592 0.004532532513344487 0.06821292419971318 -3006.378528489155
 7.619214238823742 15.793361120934732 -6.931961308906566 1.5940630851513795 0.004544029427434083 0.06822265403940354 -3006.407682835133
 7.642488474822953 15.53216762608396 -6.939613321390677 1.6009160388368087 0.0045558148966840795 0.06822131083357265 -2961.881377956911
 7.667705662372269 15.231470613378361 -6.947459142824546 1.6076892807071386 0.004567737345210199 0.06822993525406564 -2960.6344872138816
 7.694821561955871 14.92661748982335 -6.95508259477691 1.614284659255853 0.004579667209978744 0.06822778369874961 -2910.9172582794404
 7.723788603071846 14.584249831581468 -6.962660655000656 1.6207332489424113 0.004591496206905856 0.06823552971692885 -2908.4431181116815
 7.754555967687008 14.238986203255822 -6.970413364929201 1.6270240193327405 0.004603140102772625 0.06823287619675814 -2854.246175138816
 7.787069679389003 13.85879581287037 -6.978098745225871 1.6331084253813546 0.004614545069601116 0.06823989279602001 -2850.724307180754
 7.82127269807927 13.477308345587897 -6.986447506917676 1.6390545775654037 0.004625679451317263 0.06823694508577495 -2792.7459998876866
 7.857105020040764 13.064016263632173 -6.994866818044971 1.64474609040276 0.004636552290468393 0.06824333611706204 -2788.4650833814067
 7.8945037832048595 12.651375749797413 -7.004275954776005 1.6503111298928377 0.004647194475896525 0.0682402438015262 -2727.407873354608
 7.933403377432782 12.210411578627983 -7.013816809825145 1.6555832722089825 0.004657689575456136 0.06824608893151148 -2722.745940647896
 7.973735559618085 11.772162849335674 -7.024136417811012 1.6607217533194452 0.004668148452558689 0.06824296228143988 -2659.3193730281996
 8.015429573408246 11.30897399841521 -7.0341495186254495 1.6655300392014685 0.004678744289381402 0.06824832872995985 -2654.711575516881
 8.058412273335357 10.85007986019196 -7.0437229582610685 1.670164503639107 0.004689686569330116 0.06824524553680224 -2589.6046368331013
 8.102608253138127 10.368662106866893 -7.051524860213348 1.6744164029105557 0.004701243465573737 0.06825019227898732 -2585.4786329313592
 8.147939978050086 9.891635894216337 -7.056207309712352 1.6784080222819355 0.004713720789291266 0.06824719987099755 -2519.2813033869875
 8.194327920821916 9.392314008527402 -7.0562099514973085 1.6819324782456946 0.004727448980910698 0.06825177492792936 -2515.940583179701
 8.241690701239264 8.894813473164305 -7.048763554437336 1.685059385088639 0.004742772513603001 0.06824889238703077 -2449.0027126685954
 8.289945228891302 8.371896293735034 -7.032343016032595 1.6875956706092565 0.004759977567291421 0.06825312389798925 -2446.453232171903
 8.339006848939523 7.844772701353958 -7.002959136892771 1.6895634110668973 0.004779301114347228 0.06825034788911322 -2378.695240707331
 8.388789490631117 7.2854876354332925 -6.959906840312034 1.690797906535856 0.004800778625061854 0.06825423109879225 -2376.4467473316186
 8.4392058182963 6.713053767273232 -6.898759148368103 1.691311699083209 0.004824292958846291 0.06825154735323172 -2307.1841930851956
 8.490167384564764 6.099815568095206 -6.821190870203483 1.690991777762461 0.004849327772236311 0.06825503250229253 -2304.115069017034
 8.541584785532415 5.464537099532186 -6.723798214607543 1.6899135294892573 0.004875097938965414 0.06825243319085587 -2232.024524304521
 8.59336781760621 4.782697923021921 -6.61303758096534 1.688052254633276 0.004900205943268031 0.06825542294638579 -2226.4694393117684
 8.645425635751895 4.0761302976876035 -6.488507981479215 1.6856367535506362 0.004922932670321528 0.06825292716357309 -2149.8892399664446
 8.697666912867081 3.328267205699658 -6.364229144118208 1.6827767920667256 0.004940816990120793 0.06825529497982402 -2140.1611711060646
 8.75 2.568033113637455 -6.244510709560265 1.6799154153093583 0.004951233860611499 0.0682529647047916 -2057.932843342407
 8.802333087132919 1.7925208039540907 -6.152643129540077 1.677331358383076 0.004950942623055583 0.0682546047211816 -2043.4419760185024
 8.854574364248105 1.0403605370032283 -6.097353585278762 1.6756278004333864 0.004937093571571743 0.06825254239887006 -1956.343323498753
 8.906632182393789 0.3257419514580643 -6.109359761078791 1.6752397856010588 0.00490676403906748 0.0682534552559142 -1939.2000735461304
 8.958415214467585 -0.3054194358288083 -6.197381742028709 1.67667066987135 0.0048584157999979624 0.06825176572184304 -1851.598048767971
 9.009832615435236 -0.8253626931984785 -6.392023861402281 1.680438792421393 0.004791291461944147 0.06825217406378635 -1838.063938894927
 9.0607941817037 -1.1912613723431074 -6.692998997833373 1.6864710634476112 0.0047070499501260165 0.0682508801876953 -1758.8471593904035
 9.111210509368883 -1.3750180423361802 -7.118605691289203 1.6953051757076936 0.004608722403022295 0.06825135216858165 -1759.5243849025062
 9.160993151060477 -1.3526655936846208 -7.649749985523182 1.7057540324342733 0.004502018102847066 0.06825027141417409 -1701.1419706737795
 9.210054771108698 -1.1147596803398179 -8.281490278354223 1.7184702261432176 0.004393684842902312 0.06825180419598062 -1728.933351635868
 9.258309298760736 -0.6669857915063262 -8.972249315390858 1.7308292202789535 0.004292188425556273 0.06825041812315577 -1703.9788610045405
 9.305672079178084 -0.033693785003072574 -9.691039434554035 1.743930605403344 0.004205873509779889 0.06825440641958425 -1769.8628204610075
 9.352060021949914 0.7550092934323298 -10.379661761798893 1.7537868038195463 0.004143207216510293 0.06825178885263773 -1785.9426800985434
 9.397391746861873 1.6353744463613535 -10.987249106625287 1.7623467001464228 0.004111433532171924 0.06825980761966668 -1893.8834878810726
 9.441587726664643 2.574466257511007 -11.45033176080491 1.764713911131631 0.004116676088234011 0.06825469535633229 -1948.520849726629
 9.484570426591754 3.4690075964937055 -11.709140977603578 1.763860253730954 0.004163363667814995 0.0682680660064278 -2091.3443465880123
 9.526264440381915 4.310875548052714 -11.706841245092138 1.7547530530392 0.004254213827262854 0.06825911209829931 -2168.6933834541123
 9.566596622567218 4.956528375598318 -11.389381846049684 1.7411700672862265 0.004390138105848208 0.06827829644369858 -2326.467249516272
 9.605496216795139 5.446414915513462 -10.718455154409837 1.7189988165090626 0.004570010737641348 0.06826446426556797 -2397.361201042725
 9.642894979959236 5.5966198921860295 -9.664474082039328 1.6921954386370284 0.00479055687954305 0.06828845119210424 -2539.7653529211148
 9.67872730192073 5.5116287812391676 -8.216787286429026 1.658706057415542 0.0050458710447095064 0.0682694329237004 -2566.736447767164
 9.712930320610997 4.97399389223954 -6.387500367483003 1.621647709432183 0.0053267975179025874 0.0682953857046494 -2660.6341942998956
 9.745444032312992 4.1565920945360775 -4.19274066919588 1.5818751601991368 0.005620176855886683 0.06827186033883614 -2608.3340234329858
 9.776211396928154 2.8268926123675415 -1.6947597232770084 1.5404703076048398 0.005907364723722082 0.06829528319538183 -2629.2511989796835
 9.805178438044129 1.217511774671265 1.0753729933682716 1.5015046075829843 0.006163472053050976 0.06826884862745673 -2477.2016228214366
 9.832294337627731 -0.8868748494880356 4.00460489134643 1.463120457903226 0.006355607140718614 0.0682844211991884 -2419.9827915517526
 9.857511525177049 -3.212509689499893 7.060182938506679 1.4323013966840152 0.006444117604675459 0.06825725319420195 -2172.1928922288976
 9.88078576117626 -5.912381591538229 10.079835784884798 1.4040449882012433 0.0063840367305707125 0.06826032846829361 -2055.7009263403115
 9.902076214706783 -8.697611348025127 13.035074225824358 1.387248571202397 0.006133450822190946 0.0682349428001682 -1742.9068919947777
 9.921345535078583 -11.61966118555287 15.723028928855566 1.374286037393166 0.005662975699421433 0.06822359041546375 -1605.8637628561996
 9.938559917355967 -14.425007860876333 18.129321695631187 1.3741832508186271 0.004971784753704939 0.0682032790239754 -1278.0884054387589
 9.953689161662936 -17.073469453020326 20.058144551679376 1.3778162507144278 0.004097520656798941 0.06818050770227954 -1164.6449081317367
 9.966706726164023 -19.430687427458306 21.553748241840314 1.39215243066245 0.0031209744008351436 0.06816980389628328 -873.772655598313
 9.977589773627695 -21.416416968855895 22.525576876794908 1.4087752376932845 0.002152308867237633 0.06814322478452785 -812.1742064749219
 9.986319211490613 -23.052199150431516 23.113519565319944 1.4308145109292378 0.001304350720773916 0.068143885108899 -593.889583839816
 9.992879725352488 -24.23565114833702 23.36996616023523 1.4545137168924203 0.0006583662334217445 0.06811941410824232 -583.070461644552
 9.997259805842727 -25.073922521809394 23.457483673528305 1.5164006861326156 0.0002439369644173788 0.06812498537081053 -456.738052582837
 9.999451768811786 -25.46269605546928 23.467642388157312 1.5714723075311028 0.000047795203070210955 0.06811314097208329 -473.5376809234875
